       0       0  2.16058e+09
       0       1  1.72715e+10
       0       2  3.44588e+10
       0       3  5.14783e+10
       0       4  6.82469e+10
       0       5  8.46831e+10
       0       6  1.00707e+11
       0       7  1.16240e+11
       0       8  1.31206e+11
       0       9  1.45534e+11
       0      10  1.59152e+11
       0      11  1.71995e+11
       0      12  1.84000e+11
       0      13  1.95109e+11
       0      14  2.05267e+11
       0      15  2.14425e+11
       0      16  2.22539e+11
       0      17  2.29568e+11
       0      18  2.35479e+11
       0      19  2.40242e+11
       0      20  2.43835e+11
       0      21  2.46241e+11
       0      22  2.47446e+11
       0      23  2.47446e+11
       0      24  2.46241e+11
       0      25  2.43835e+11
       0      26  2.40242e+11
       0      27  2.35479e+11
       0      28  2.29568e+11
       0      29  2.22539e+11
       0      30  2.14425e+11
       0      31  2.05267e+11
       0      32  1.95109e+11
       0      33  1.84000e+11
       0      34  1.71995e+11
       0      35  1.59152e+11
       0      36  1.45534e+11
       0      37  1.31206e+11
       0      38  1.16240e+11
       0      39  1.00707e+11
       0      40  8.46831e+10
       0      41  6.82469e+10
       0      42  5.14783e+10
       0      43  3.44588e+10
       0      44  1.72715e+10
       0      45  2.16058e+09
       1       0  2.16058e+09
       1       1  1.72715e+10
       1       2  3.44588e+10
       1       3  5.14783e+10
       1       4  6.82469e+10
       1       5  8.46831e+10
       1       6  1.00707e+11
       1       7  1.16240e+11
       1       8  1.31206e+11
       1       9  1.45534e+11
       1      10  1.59152e+11
       1      11  1.71995e+11
       1      12  1.84000e+11
       1      13  1.95109e+11
       1      14  2.05267e+11
       1      15  2.14425e+11
       1      16  2.22539e+11
       1      17  2.29568e+11
       1      18  2.35479e+11
       1      19  2.40242e+11
       1      20  2.43835e+11
       1      21  2.46241e+11
       1      22  2.47446e+11
       1      23  2.47446e+11
       1      24  2.46241e+11
       1      25  2.43835e+11
       1      26  2.40242e+11
       1      27  2.35479e+11
       1      28  2.29568e+11
       1      29  2.22539e+11
       1      30  2.14425e+11
       1      31  2.05267e+11
       1      32  1.95109e+11
       1      33  1.84000e+11
       1      34  1.71995e+11
       1      35  1.59152e+11
       1      36  1.45534e+11
       1      37  1.31206e+11
       1      38  1.16240e+11
       1      39  1.00707e+11
       1      40  8.46831e+10
       1      41  6.82469e+10
       1      42  5.14783e+10
       1      43  3.44588e+10
       1      44  1.72715e+10
       1      45  2.16058e+09
       2       0  2.16058e+09
       2       1  1.72715e+10
       2       2  3.44588e+10
       2       3  5.14783e+10
       2       4  6.82469e+10
       2       5  8.46831e+10
       2       6  1.00707e+11
       2       7  1.16240e+11
       2       8  1.31206e+11
       2       9  1.45534e+11
       2      10  1.59152e+11
       2      11  1.71995e+11
       2      12  1.84000e+11
       2      13  1.95109e+11
       2      14  2.05267e+11
       2      15  2.14425e+11
       2      16  2.22539e+11
       2      17  2.29568e+11
       2      18  2.35479e+11
       2      19  2.40242e+11
       2      20  2.43835e+11
       2      21  2.46241e+11
       2      22  2.47446e+11
       2      23  2.47446e+11
       2      24  2.46241e+11
       2      25  2.43835e+11
       2      26  2.40242e+11
       2      27  2.35479e+11
       2      28  2.29568e+11
       2      29  2.22539e+11
       2      30  2.14425e+11
       2      31  2.05267e+11
       2      32  1.95109e+11
       2      33  1.84000e+11
       2      34  1.71995e+11
       2      35  1.59152e+11
       2      36  1.45534e+11
       2      37  1.31206e+11
       2      38  1.16240e+11
       2      39  1.00707e+11
       2      40  8.46831e+10
       2      41  6.82469e+10
       2      42  5.14783e+10
       2      43  3.44588e+10
       2      44  1.72715e+10
       2      45  2.16058e+09
       3       0  2.16058e+09
       3       1  1.72715e+10
       3       2  3.44588e+10
       3       3  5.14783e+10
       3       4  6.82469e+10
       3       5  8.46831e+10
       3       6  1.00707e+11
       3       7  1.16240e+11
       3       8  1.31206e+11
       3       9  1.45534e+11
       3      10  1.59152e+11
       3      11  1.71995e+11
       3      12  1.84000e+11
       3      13  1.95109e+11
       3      14  2.05267e+11
       3      15  2.14425e+11
       3      16  2.22539e+11
       3      17  2.29568e+11
       3      18  2.35479e+11
       3      19  2.40242e+11
       3      20  2.43835e+11
       3      21  2.46241e+11
       3      22  2.47446e+11
       3      23  2.47446e+11
       3      24  2.46241e+11
       3      25  2.43835e+11
       3      26  2.40242e+11
       3      27  2.35479e+11
       3      28  2.29568e+11
       3      29  2.22539e+11
       3      30  2.14425e+11
       3      31  2.05267e+11
       3      32  1.95109e+11
       3      33  1.84000e+11
       3      34  1.71995e+11
       3      35  1.59152e+11
       3      36  1.45534e+11
       3      37  1.31206e+11
       3      38  1.16240e+11
       3      39  1.00707e+11
       3      40  8.46831e+10
       3      41  6.82469e+10
       3      42  5.14783e+10
       3      43  3.44588e+10
       3      44  1.72715e+10
       3      45  2.16058e+09
       4       0  2.16058e+09
       4       1  1.72715e+10
       4       2  3.44588e+10
       4       3  5.14783e+10
       4       4  6.82469e+10
       4       5  8.46831e+10
       4       6  1.00707e+11
       4       7  1.16240e+11
       4       8  1.31206e+11
       4       9  1.45534e+11
       4      10  1.59152e+11
       4      11  1.71995e+11
       4      12  1.84000e+11
       4      13  1.95109e+11
       4      14  2.05267e+11
       4      15  2.14425e+11
       4      16  2.22539e+11
       4      17  2.29568e+11
       4      18  2.35479e+11
       4      19  2.40242e+11
       4      20  2.43835e+11
       4      21  2.46241e+11
       4      22  2.47446e+11
       4      23  2.47446e+11
       4      24  2.46241e+11
       4      25  2.43835e+11
       4      26  2.40242e+11
       4      27  2.35479e+11
       4      28  2.29568e+11
       4      29  2.22539e+11
       4      30  2.14425e+11
       4      31  2.05267e+11
       4      32  1.95109e+11
       4      33  1.84000e+11
       4      34  1.71995e+11
       4      35  1.59152e+11
       4      36  1.45534e+11
       4      37  1.31206e+11
       4      38  1.16240e+11
       4      39  1.00707e+11
       4      40  8.46831e+10
       4      41  6.82469e+10
       4      42  5.14783e+10
       4      43  3.44588e+10
       4      44  1.72715e+10
       4      45  2.16058e+09
       5       0  2.16058e+09
       5       1  1.72715e+10
       5       2  3.44588e+10
       5       3  5.14783e+10
       5       4  6.82469e+10
       5       5  8.46831e+10
       5       6  1.00707e+11
       5       7  1.16240e+11
       5       8  1.31206e+11
       5       9  1.45534e+11
       5      10  1.59152e+11
       5      11  1.71995e+11
       5      12  1.84000e+11
       5      13  1.95109e+11
       5      14  2.05267e+11
       5      15  2.14425e+11
       5      16  2.22539e+11
       5      17  2.29568e+11
       5      18  2.35479e+11
       5      19  2.40242e+11
       5      20  2.43835e+11
       5      21  2.46241e+11
       5      22  2.47446e+11
       5      23  2.47446e+11
       5      24  2.46241e+11
       5      25  2.43835e+11
       5      26  2.40242e+11
       5      27  2.35479e+11
       5      28  2.29568e+11
       5      29  2.22539e+11
       5      30  2.14425e+11
       5      31  2.05267e+11
       5      32  1.95109e+11
       5      33  1.84000e+11
       5      34  1.71995e+11
       5      35  1.59152e+11
       5      36  1.45534e+11
       5      37  1.31206e+11
       5      38  1.16240e+11
       5      39  1.00707e+11
       5      40  8.46831e+10
       5      41  6.82469e+10
       5      42  5.14783e+10
       5      43  3.44588e+10
       5      44  1.72715e+10
       5      45  2.16058e+09
       6       0  2.16058e+09
       6       1  1.72715e+10
       6       2  3.44588e+10
       6       3  5.14783e+10
       6       4  6.82469e+10
       6       5  8.46831e+10
       6       6  1.00707e+11
       6       7  1.16240e+11
       6       8  1.31206e+11
       6       9  1.45534e+11
       6      10  1.59152e+11
       6      11  1.71995e+11
       6      12  1.84000e+11
       6      13  1.95109e+11
       6      14  2.05267e+11
       6      15  2.14425e+11
       6      16  2.22539e+11
       6      17  2.29568e+11
       6      18  2.35479e+11
       6      19  2.40242e+11
       6      20  2.43835e+11
       6      21  2.46241e+11
       6      22  2.47446e+11
       6      23  2.47446e+11
       6      24  2.46241e+11
       6      25  2.43835e+11
       6      26  2.40242e+11
       6      27  2.35479e+11
       6      28  2.29568e+11
       6      29  2.22539e+11
       6      30  2.14425e+11
       6      31  2.05267e+11
       6      32  1.95109e+11
       6      33  1.84000e+11
       6      34  1.71995e+11
       6      35  1.59152e+11
       6      36  1.45534e+11
       6      37  1.31206e+11
       6      38  1.16240e+11
       6      39  1.00707e+11
       6      40  8.46831e+10
       6      41  6.82469e+10
       6      42  5.14783e+10
       6      43  3.44588e+10
       6      44  1.72715e+10
       6      45  2.16058e+09
       7       0  2.16058e+09
       7       1  1.72715e+10
       7       2  3.44588e+10
       7       3  5.14783e+10
       7       4  6.82469e+10
       7       5  8.46831e+10
       7       6  1.00707e+11
       7       7  1.16240e+11
       7       8  1.31206e+11
       7       9  1.45534e+11
       7      10  1.59152e+11
       7      11  1.71995e+11
       7      12  1.84000e+11
       7      13  1.95109e+11
       7      14  2.05267e+11
       7      15  2.14425e+11
       7      16  2.22539e+11
       7      17  2.29568e+11
       7      18  2.35479e+11
       7      19  2.40242e+11
       7      20  2.43835e+11
       7      21  2.46241e+11
       7      22  2.47446e+11
       7      23  2.47446e+11
       7      24  2.46241e+11
       7      25  2.43835e+11
       7      26  2.40242e+11
       7      27  2.35479e+11
       7      28  2.29568e+11
       7      29  2.22539e+11
       7      30  2.14425e+11
       7      31  2.05267e+11
       7      32  1.95109e+11
       7      33  1.84000e+11
       7      34  1.71995e+11
       7      35  1.59152e+11
       7      36  1.45534e+11
       7      37  1.31206e+11
       7      38  1.16240e+11
       7      39  1.00707e+11
       7      40  8.46831e+10
       7      41  6.82469e+10
       7      42  5.14783e+10
       7      43  3.44588e+10
       7      44  1.72715e+10
       7      45  2.16058e+09
       8       0  2.16058e+09
       8       1  1.72715e+10
       8       2  3.44588e+10
       8       3  5.14783e+10
       8       4  6.82469e+10
       8       5  8.46831e+10
       8       6  1.00707e+11
       8       7  1.16240e+11
       8       8  1.31206e+11
       8       9  1.45534e+11
       8      10  1.59152e+11
       8      11  1.71995e+11
       8      12  1.84000e+11
       8      13  1.95109e+11
       8      14  2.05267e+11
       8      15  2.14425e+11
       8      16  2.22539e+11
       8      17  2.29568e+11
       8      18  2.35479e+11
       8      19  2.40242e+11
       8      20  2.43835e+11
       8      21  2.46241e+11
       8      22  2.47446e+11
       8      23  2.47446e+11
       8      24  2.46241e+11
       8      25  2.43835e+11
       8      26  2.40242e+11
       8      27  2.35479e+11
       8      28  2.29568e+11
       8      29  2.22539e+11
       8      30  2.14425e+11
       8      31  2.05267e+11
       8      32  1.95109e+11
       8      33  1.84000e+11
       8      34  1.71995e+11
       8      35  1.59152e+11
       8      36  1.45534e+11
       8      37  1.31206e+11
       8      38  1.16240e+11
       8      39  1.00707e+11
       8      40  8.46831e+10
       8      41  6.82469e+10
       8      42  5.14783e+10
       8      43  3.44588e+10
       8      44  1.72715e+10
       8      45  2.16058e+09
       9       0  2.16058e+09
       9       1  1.72715e+10
       9       2  3.44588e+10
       9       3  5.14783e+10
       9       4  6.82469e+10
       9       5  8.46831e+10
       9       6  1.00707e+11
       9       7  1.16240e+11
       9       8  1.31206e+11
       9       9  1.45534e+11
       9      10  1.59152e+11
       9      11  1.71995e+11
       9      12  1.84000e+11
       9      13  1.95109e+11
       9      14  2.05267e+11
       9      15  2.14425e+11
       9      16  2.22539e+11
       9      17  2.29568e+11
       9      18  2.35479e+11
       9      19  2.40242e+11
       9      20  2.43835e+11
       9      21  2.46241e+11
       9      22  2.47446e+11
       9      23  2.47446e+11
       9      24  2.46241e+11
       9      25  2.43835e+11
       9      26  2.40242e+11
       9      27  2.35479e+11
       9      28  2.29568e+11
       9      29  2.22539e+11
       9      30  2.14425e+11
       9      31  2.05267e+11
       9      32  1.95109e+11
       9      33  1.84000e+11
       9      34  1.71995e+11
       9      35  1.59152e+11
       9      36  1.45534e+11
       9      37  1.31206e+11
       9      38  1.16240e+11
       9      39  1.00707e+11
       9      40  8.46831e+10
       9      41  6.82469e+10
       9      42  5.14783e+10
       9      43  3.44588e+10
       9      44  1.72715e+10
       9      45  2.16058e+09
      10       0  2.16058e+09
      10       1  1.72715e+10
      10       2  3.44588e+10
      10       3  5.14783e+10
      10       4  6.82469e+10
      10       5  8.46831e+10
      10       6  1.00707e+11
      10       7  1.16240e+11
      10       8  1.31206e+11
      10       9  1.45534e+11
      10      10  1.59152e+11
      10      11  1.71995e+11
      10      12  1.84000e+11
      10      13  1.95109e+11
      10      14  2.05267e+11
      10      15  2.14425e+11
      10      16  2.22539e+11
      10      17  2.29568e+11
      10      18  2.35479e+11
      10      19  2.40242e+11
      10      20  2.43835e+11
      10      21  2.46241e+11
      10      22  2.47446e+11
      10      23  2.47446e+11
      10      24  2.46241e+11
      10      25  2.43835e+11
      10      26  2.40242e+11
      10      27  2.35479e+11
      10      28  2.29568e+11
      10      29  2.22539e+11
      10      30  2.14425e+11
      10      31  2.05267e+11
      10      32  1.95109e+11
      10      33  1.84000e+11
      10      34  1.71995e+11
      10      35  1.59152e+11
      10      36  1.45534e+11
      10      37  1.31206e+11
      10      38  1.16240e+11
      10      39  1.00707e+11
      10      40  8.46831e+10
      10      41  6.82469e+10
      10      42  5.14783e+10
      10      43  3.44588e+10
      10      44  1.72715e+10
      10      45  2.16058e+09
      11       0  2.16058e+09
      11       1  1.72715e+10
      11       2  3.44588e+10
      11       3  5.14783e+10
      11       4  6.82469e+10
      11       5  8.46831e+10
      11       6  1.00707e+11
      11       7  1.16240e+11
      11       8  1.31206e+11
      11       9  1.45534e+11
      11      10  1.59152e+11
      11      11  1.71995e+11
      11      12  1.84000e+11
      11      13  1.95109e+11
      11      14  2.05267e+11
      11      15  2.14425e+11
      11      16  2.22539e+11
      11      17  2.29568e+11
      11      18  2.35479e+11
      11      19  2.40242e+11
      11      20  2.43835e+11
      11      21  2.46241e+11
      11      22  2.47446e+11
      11      23  2.47446e+11
      11      24  2.46241e+11
      11      25  2.43835e+11
      11      26  2.40242e+11
      11      27  2.35479e+11
      11      28  2.29568e+11
      11      29  2.22539e+11
      11      30  2.14425e+11
      11      31  2.05267e+11
      11      32  1.95109e+11
      11      33  1.84000e+11
      11      34  1.71995e+11
      11      35  1.59152e+11
      11      36  1.45534e+11
      11      37  1.31206e+11
      11      38  1.16240e+11
      11      39  1.00707e+11
      11      40  8.46831e+10
      11      41  6.82469e+10
      11      42  5.14783e+10
      11      43  3.44588e+10
      11      44  1.72715e+10
      11      45  2.16058e+09
      12       0  2.16058e+09
      12       1  1.72715e+10
      12       2  3.44588e+10
      12       3  5.14783e+10
      12       4  6.82469e+10
      12       5  8.46831e+10
      12       6  1.00707e+11
      12       7  1.16240e+11
      12       8  1.31206e+11
      12       9  1.45534e+11
      12      10  1.59152e+11
      12      11  1.71995e+11
      12      12  1.84000e+11
      12      13  1.95109e+11
      12      14  2.05267e+11
      12      15  2.14425e+11
      12      16  2.22539e+11
      12      17  2.29568e+11
      12      18  2.35479e+11
      12      19  2.40242e+11
      12      20  2.43835e+11
      12      21  2.46241e+11
      12      22  2.47446e+11
      12      23  2.47446e+11
      12      24  2.46241e+11
      12      25  2.43835e+11
      12      26  2.40242e+11
      12      27  2.35479e+11
      12      28  2.29568e+11
      12      29  2.22539e+11
      12      30  2.14425e+11
      12      31  2.05267e+11
      12      32  1.95109e+11
      12      33  1.84000e+11
      12      34  1.71995e+11
      12      35  1.59152e+11
      12      36  1.45534e+11
      12      37  1.31206e+11
      12      38  1.16240e+11
      12      39  1.00707e+11
      12      40  8.46831e+10
      12      41  6.82469e+10
      12      42  5.14783e+10
      12      43  3.44588e+10
      12      44  1.72715e+10
      12      45  2.16058e+09
      13       0  2.16058e+09
      13       1  1.72715e+10
      13       2  3.44588e+10
      13       3  5.14783e+10
      13       4  6.82469e+10
      13       5  8.46831e+10
      13       6  1.00707e+11
      13       7  1.16240e+11
      13       8  1.31206e+11
      13       9  1.45534e+11
      13      10  1.59152e+11
      13      11  1.71995e+11
      13      12  1.84000e+11
      13      13  1.95109e+11
      13      14  2.05267e+11
      13      15  2.14425e+11
      13      16  2.22539e+11
      13      17  2.29568e+11
      13      18  2.35479e+11
      13      19  2.40242e+11
      13      20  2.43835e+11
      13      21  2.46241e+11
      13      22  2.47446e+11
      13      23  2.47446e+11
      13      24  2.46241e+11
      13      25  2.43835e+11
      13      26  2.40242e+11
      13      27  2.35479e+11
      13      28  2.29568e+11
      13      29  2.22539e+11
      13      30  2.14425e+11
      13      31  2.05267e+11
      13      32  1.95109e+11
      13      33  1.84000e+11
      13      34  1.71995e+11
      13      35  1.59152e+11
      13      36  1.45534e+11
      13      37  1.31206e+11
      13      38  1.16240e+11
      13      39  1.00707e+11
      13      40  8.46831e+10
      13      41  6.82469e+10
      13      42  5.14783e+10
      13      43  3.44588e+10
      13      44  1.72715e+10
      13      45  2.16058e+09
      14       0  2.16058e+09
      14       1  1.72715e+10
      14       2  3.44588e+10
      14       3  5.14783e+10
      14       4  6.82469e+10
      14       5  8.46831e+10
      14       6  1.00707e+11
      14       7  1.16240e+11
      14       8  1.31206e+11
      14       9  1.45534e+11
      14      10  1.59152e+11
      14      11  1.71995e+11
      14      12  1.84000e+11
      14      13  1.95109e+11
      14      14  2.05267e+11
      14      15  2.14425e+11
      14      16  2.22539e+11
      14      17  2.29568e+11
      14      18  2.35479e+11
      14      19  2.40242e+11
      14      20  2.43835e+11
      14      21  2.46241e+11
      14      22  2.47446e+11
      14      23  2.47446e+11
      14      24  2.46241e+11
      14      25  2.43835e+11
      14      26  2.40242e+11
      14      27  2.35479e+11
      14      28  2.29568e+11
      14      29  2.22539e+11
      14      30  2.14425e+11
      14      31  2.05267e+11
      14      32  1.95109e+11
      14      33  1.84000e+11
      14      34  1.71995e+11
      14      35  1.59152e+11
      14      36  1.45534e+11
      14      37  1.31206e+11
      14      38  1.16240e+11
      14      39  1.00707e+11
      14      40  8.46831e+10
      14      41  6.82469e+10
      14      42  5.14783e+10
      14      43  3.44588e+10
      14      44  1.72715e+10
      14      45  2.16058e+09
      15       0  2.16058e+09
      15       1  1.72715e+10
      15       2  3.44588e+10
      15       3  5.14783e+10
      15       4  6.82469e+10
      15       5  8.46831e+10
      15       6  1.00707e+11
      15       7  1.16240e+11
      15       8  1.31206e+11
      15       9  1.45534e+11
      15      10  1.59152e+11
      15      11  1.71995e+11
      15      12  1.84000e+11
      15      13  1.95109e+11
      15      14  2.05267e+11
      15      15  2.14425e+11
      15      16  2.22539e+11
      15      17  2.29568e+11
      15      18  2.35479e+11
      15      19  2.40242e+11
      15      20  2.43835e+11
      15      21  2.46241e+11
      15      22  2.47446e+11
      15      23  2.47446e+11
      15      24  2.46241e+11
      15      25  2.43835e+11
      15      26  2.40242e+11
      15      27  2.35479e+11
      15      28  2.29568e+11
      15      29  2.22539e+11
      15      30  2.14425e+11
      15      31  2.05267e+11
      15      32  1.95109e+11
      15      33  1.84000e+11
      15      34  1.71995e+11
      15      35  1.59152e+11
      15      36  1.45534e+11
      15      37  1.31206e+11
      15      38  1.16240e+11
      15      39  1.00707e+11
      15      40  8.46831e+10
      15      41  6.82469e+10
      15      42  5.14783e+10
      15      43  3.44588e+10
      15      44  1.72715e+10
      15      45  2.16058e+09
      16       0  2.16058e+09
      16       1  1.72715e+10
      16       2  3.44588e+10
      16       3  5.14783e+10
      16       4  6.82469e+10
      16       5  8.46831e+10
      16       6  1.00707e+11
      16       7  1.16240e+11
      16       8  1.31206e+11
      16       9  1.45534e+11
      16      10  1.59152e+11
      16      11  1.71995e+11
      16      12  1.84000e+11
      16      13  1.95109e+11
      16      14  2.05267e+11
      16      15  2.14425e+11
      16      16  2.22539e+11
      16      17  2.29568e+11
      16      18  2.35479e+11
      16      19  2.40242e+11
      16      20  2.43835e+11
      16      21  2.46241e+11
      16      22  2.47446e+11
      16      23  2.47446e+11
      16      24  2.46241e+11
      16      25  2.43835e+11
      16      26  2.40242e+11
      16      27  2.35479e+11
      16      28  2.29568e+11
      16      29  2.22539e+11
      16      30  2.14425e+11
      16      31  2.05267e+11
      16      32  1.95109e+11
      16      33  1.84000e+11
      16      34  1.71995e+11
      16      35  1.59152e+11
      16      36  1.45534e+11
      16      37  1.31206e+11
      16      38  1.16240e+11
      16      39  1.00707e+11
      16      40  8.46831e+10
      16      41  6.82469e+10
      16      42  5.14783e+10
      16      43  3.44588e+10
      16      44  1.72715e+10
      16      45  2.16058e+09
      17       0  2.16058e+09
      17       1  1.72715e+10
      17       2  3.44588e+10
      17       3  5.14783e+10
      17       4  6.82469e+10
      17       5  8.46831e+10
      17       6  1.00707e+11
      17       7  1.16240e+11
      17       8  1.31206e+11
      17       9  1.45534e+11
      17      10  1.59152e+11
      17      11  1.71995e+11
      17      12  1.84000e+11
      17      13  1.95109e+11
      17      14  2.05267e+11
      17      15  2.14425e+11
      17      16  2.22539e+11
      17      17  2.29568e+11
      17      18  2.35479e+11
      17      19  2.40242e+11
      17      20  2.43835e+11
      17      21  2.46241e+11
      17      22  2.47446e+11
      17      23  2.47446e+11
      17      24  2.46241e+11
      17      25  2.43835e+11
      17      26  2.40242e+11
      17      27  2.35479e+11
      17      28  2.29568e+11
      17      29  2.22539e+11
      17      30  2.14425e+11
      17      31  2.05267e+11
      17      32  1.95109e+11
      17      33  1.84000e+11
      17      34  1.71995e+11
      17      35  1.59152e+11
      17      36  1.45534e+11
      17      37  1.31206e+11
      17      38  1.16240e+11
      17      39  1.00707e+11
      17      40  8.46831e+10
      17      41  6.82469e+10
      17      42  5.14783e+10
      17      43  3.44588e+10
      17      44  1.72715e+10
      17      45  2.16058e+09
      18       0  2.16058e+09
      18       1  1.72715e+10
      18       2  3.44588e+10
      18       3  5.14783e+10
      18       4  6.82469e+10
      18       5  8.46831e+10
      18       6  1.00707e+11
      18       7  1.16240e+11
      18       8  1.31206e+11
      18       9  1.45534e+11
      18      10  1.59152e+11
      18      11  1.71995e+11
      18      12  1.84000e+11
      18      13  1.95109e+11
      18      14  2.05267e+11
      18      15  2.14425e+11
      18      16  2.22539e+11
      18      17  2.29568e+11
      18      18  2.35479e+11
      18      19  2.40242e+11
      18      20  2.43835e+11
      18      21  2.46241e+11
      18      22  2.47446e+11
      18      23  2.47446e+11
      18      24  2.46241e+11
      18      25  2.43835e+11
      18      26  2.40242e+11
      18      27  2.35479e+11
      18      28  2.29568e+11
      18      29  2.22539e+11
      18      30  2.14425e+11
      18      31  2.05267e+11
      18      32  1.95109e+11
      18      33  1.84000e+11
      18      34  1.71995e+11
      18      35  1.59152e+11
      18      36  1.45534e+11
      18      37  1.31206e+11
      18      38  1.16240e+11
      18      39  1.00707e+11
      18      40  8.46831e+10
      18      41  6.82469e+10
      18      42  5.14783e+10
      18      43  3.44588e+10
      18      44  1.72715e+10
      18      45  2.16058e+09
      19       0  2.16058e+09
      19       1  1.72715e+10
      19       2  3.44588e+10
      19       3  5.14783e+10
      19       4  6.82469e+10
      19       5  8.46831e+10
      19       6  1.00707e+11
      19       7  1.16240e+11
      19       8  1.31206e+11
      19       9  1.45534e+11
      19      10  1.59152e+11
      19      11  1.71995e+11
      19      12  1.84000e+11
      19      13  1.95109e+11
      19      14  2.05267e+11
      19      15  2.14425e+11
      19      16  2.22539e+11
      19      17  2.29568e+11
      19      18  2.35479e+11
      19      19  2.40242e+11
      19      20  2.43835e+11
      19      21  2.46241e+11
      19      22  2.47446e+11
      19      23  2.47446e+11
      19      24  2.46241e+11
      19      25  2.43835e+11
      19      26  2.40242e+11
      19      27  2.35479e+11
      19      28  2.29568e+11
      19      29  2.22539e+11
      19      30  2.14425e+11
      19      31  2.05267e+11
      19      32  1.95109e+11
      19      33  1.84000e+11
      19      34  1.71995e+11
      19      35  1.59152e+11
      19      36  1.45534e+11
      19      37  1.31206e+11
      19      38  1.16240e+11
      19      39  1.00707e+11
      19      40  8.46831e+10
      19      41  6.82469e+10
      19      42  5.14783e+10
      19      43  3.44588e+10
      19      44  1.72715e+10
      19      45  2.16058e+09
      20       0  2.16058e+09
      20       1  1.72715e+10
      20       2  3.44588e+10
      20       3  5.14783e+10
      20       4  6.82469e+10
      20       5  8.46831e+10
      20       6  1.00707e+11
      20       7  1.16240e+11
      20       8  1.31206e+11
      20       9  1.45534e+11
      20      10  1.59152e+11
      20      11  1.71995e+11
      20      12  1.84000e+11
      20      13  1.95109e+11
      20      14  2.05267e+11
      20      15  2.14425e+11
      20      16  2.22539e+11
      20      17  2.29568e+11
      20      18  2.35479e+11
      20      19  2.40242e+11
      20      20  2.43835e+11
      20      21  2.46241e+11
      20      22  2.47446e+11
      20      23  2.47446e+11
      20      24  2.46241e+11
      20      25  2.43835e+11
      20      26  2.40242e+11
      20      27  2.35479e+11
      20      28  2.29568e+11
      20      29  2.22539e+11
      20      30  2.14425e+11
      20      31  2.05267e+11
      20      32  1.95109e+11
      20      33  1.84000e+11
      20      34  1.71995e+11
      20      35  1.59152e+11
      20      36  1.45534e+11
      20      37  1.31206e+11
      20      38  1.16240e+11
      20      39  1.00707e+11
      20      40  8.46831e+10
      20      41  6.82469e+10
      20      42  5.14783e+10
      20      43  3.44588e+10
      20      44  1.72715e+10
      20      45  2.16058e+09
      21       0  2.16058e+09
      21       1  1.72715e+10
      21       2  3.44588e+10
      21       3  5.14783e+10
      21       4  6.82469e+10
      21       5  8.46831e+10
      21       6  1.00707e+11
      21       7  1.16240e+11
      21       8  1.31206e+11
      21       9  1.45534e+11
      21      10  1.59152e+11
      21      11  1.71995e+11
      21      12  1.84000e+11
      21      13  1.95109e+11
      21      14  2.05267e+11
      21      15  2.14425e+11
      21      16  2.22539e+11
      21      17  2.29568e+11
      21      18  2.35479e+11
      21      19  2.40242e+11
      21      20  2.43835e+11
      21      21  2.46241e+11
      21      22  2.47446e+11
      21      23  2.47446e+11
      21      24  2.46241e+11
      21      25  2.43835e+11
      21      26  2.40242e+11
      21      27  2.35479e+11
      21      28  2.29568e+11
      21      29  2.22539e+11
      21      30  2.14425e+11
      21      31  2.05267e+11
      21      32  1.95109e+11
      21      33  1.84000e+11
      21      34  1.71995e+11
      21      35  1.59152e+11
      21      36  1.45534e+11
      21      37  1.31206e+11
      21      38  1.16240e+11
      21      39  1.00707e+11
      21      40  8.46831e+10
      21      41  6.82469e+10
      21      42  5.14783e+10
      21      43  3.44588e+10
      21      44  1.72715e+10
      21      45  2.16058e+09
      22       0  2.16058e+09
      22       1  1.72715e+10
      22       2  3.44588e+10
      22       3  5.14783e+10
      22       4  6.82469e+10
      22       5  8.46831e+10
      22       6  1.00707e+11
      22       7  1.16240e+11
      22       8  1.31206e+11
      22       9  1.45534e+11
      22      10  1.59152e+11
      22      11  1.71995e+11
      22      12  1.84000e+11
      22      13  1.95109e+11
      22      14  2.05267e+11
      22      15  2.14425e+11
      22      16  2.22539e+11
      22      17  2.29568e+11
      22      18  2.35479e+11
      22      19  2.40242e+11
      22      20  2.43835e+11
      22      21  2.46241e+11
      22      22  2.47446e+11
      22      23  2.47446e+11
      22      24  2.46241e+11
      22      25  2.43835e+11
      22      26  2.40242e+11
      22      27  2.35479e+11
      22      28  2.29568e+11
      22      29  2.22539e+11
      22      30  2.14425e+11
      22      31  2.05267e+11
      22      32  1.95109e+11
      22      33  1.84000e+11
      22      34  1.71995e+11
      22      35  1.59152e+11
      22      36  1.45534e+11
      22      37  1.31206e+11
      22      38  1.16240e+11
      22      39  1.00707e+11
      22      40  8.46831e+10
      22      41  6.82469e+10
      22      42  5.14783e+10
      22      43  3.44588e+10
      22      44  1.72715e+10
      22      45  2.16058e+09
      23       0  2.16058e+09
      23       1  1.72715e+10
      23       2  3.44588e+10
      23       3  5.14783e+10
      23       4  6.82469e+10
      23       5  8.46831e+10
      23       6  1.00707e+11
      23       7  1.16240e+11
      23       8  1.31206e+11
      23       9  1.45534e+11
      23      10  1.59152e+11
      23      11  1.71995e+11
      23      12  1.84000e+11
      23      13  1.95109e+11
      23      14  2.05267e+11
      23      15  2.14425e+11
      23      16  2.22539e+11
      23      17  2.29568e+11
      23      18  2.35479e+11
      23      19  2.40242e+11
      23      20  2.43835e+11
      23      21  2.46241e+11
      23      22  2.47446e+11
      23      23  2.47446e+11
      23      24  2.46241e+11
      23      25  2.43835e+11
      23      26  2.40242e+11
      23      27  2.35479e+11
      23      28  2.29568e+11
      23      29  2.22539e+11
      23      30  2.14425e+11
      23      31  2.05267e+11
      23      32  1.95109e+11
      23      33  1.84000e+11
      23      34  1.71995e+11
      23      35  1.59152e+11
      23      36  1.45534e+11
      23      37  1.31206e+11
      23      38  1.16240e+11
      23      39  1.00707e+11
      23      40  8.46831e+10
      23      41  6.82469e+10
      23      42  5.14783e+10
      23      43  3.44588e+10
      23      44  1.72715e+10
      23      45  2.16058e+09
      24       0  2.16058e+09
      24       1  1.72715e+10
      24       2  3.44588e+10
      24       3  5.14783e+10
      24       4  6.82469e+10
      24       5  8.46831e+10
      24       6  1.00707e+11
      24       7  1.16240e+11
      24       8  1.31206e+11
      24       9  1.45534e+11
      24      10  1.59152e+11
      24      11  1.71995e+11
      24      12  1.84000e+11
      24      13  1.95109e+11
      24      14  2.05267e+11
      24      15  2.14425e+11
      24      16  2.22539e+11
      24      17  2.29568e+11
      24      18  2.35479e+11
      24      19  2.40242e+11
      24      20  2.43835e+11
      24      21  2.46241e+11
      24      22  2.47446e+11
      24      23  2.47446e+11
      24      24  2.46241e+11
      24      25  2.43835e+11
      24      26  2.40242e+11
      24      27  2.35479e+11
      24      28  2.29568e+11
      24      29  2.22539e+11
      24      30  2.14425e+11
      24      31  2.05267e+11
      24      32  1.95109e+11
      24      33  1.84000e+11
      24      34  1.71995e+11
      24      35  1.59152e+11
      24      36  1.45534e+11
      24      37  1.31206e+11
      24      38  1.16240e+11
      24      39  1.00707e+11
      24      40  8.46831e+10
      24      41  6.82469e+10
      24      42  5.14783e+10
      24      43  3.44588e+10
      24      44  1.72715e+10
      24      45  2.16058e+09
      25       0  2.16058e+09
      25       1  1.72715e+10
      25       2  3.44588e+10
      25       3  5.14783e+10
      25       4  6.82469e+10
      25       5  8.46831e+10
      25       6  1.00707e+11
      25       7  1.16240e+11
      25       8  1.31206e+11
      25       9  1.45534e+11
      25      10  1.59152e+11
      25      11  1.71995e+11
      25      12  1.84000e+11
      25      13  1.95109e+11
      25      14  2.05267e+11
      25      15  2.14425e+11
      25      16  2.22539e+11
      25      17  2.29568e+11
      25      18  2.35479e+11
      25      19  2.40242e+11
      25      20  2.43835e+11
      25      21  2.46241e+11
      25      22  2.47446e+11
      25      23  2.47446e+11
      25      24  2.46241e+11
      25      25  2.43835e+11
      25      26  2.40242e+11
      25      27  2.35479e+11
      25      28  2.29568e+11
      25      29  2.22539e+11
      25      30  2.14425e+11
      25      31  2.05267e+11
      25      32  1.95109e+11
      25      33  1.84000e+11
      25      34  1.71995e+11
      25      35  1.59152e+11
      25      36  1.45534e+11
      25      37  1.31206e+11
      25      38  1.16240e+11
      25      39  1.00707e+11
      25      40  8.46831e+10
      25      41  6.82469e+10
      25      42  5.14783e+10
      25      43  3.44588e+10
      25      44  1.72715e+10
      25      45  2.16058e+09
      26       0  2.16058e+09
      26       1  1.72715e+10
      26       2  3.44588e+10
      26       3  5.14783e+10
      26       4  6.82469e+10
      26       5  8.46831e+10
      26       6  1.00707e+11
      26       7  1.16240e+11
      26       8  1.31206e+11
      26       9  1.45534e+11
      26      10  1.59152e+11
      26      11  1.71995e+11
      26      12  1.84000e+11
      26      13  1.95109e+11
      26      14  2.05267e+11
      26      15  2.14425e+11
      26      16  2.22539e+11
      26      17  2.29568e+11
      26      18  2.35479e+11
      26      19  2.40242e+11
      26      20  2.43835e+11
      26      21  2.46241e+11
      26      22  2.47446e+11
      26      23  2.47446e+11
      26      24  2.46241e+11
      26      25  2.43835e+11
      26      26  2.40242e+11
      26      27  2.35479e+11
      26      28  2.29568e+11
      26      29  2.22539e+11
      26      30  2.14425e+11
      26      31  2.05267e+11
      26      32  1.95109e+11
      26      33  1.84000e+11
      26      34  1.71995e+11
      26      35  1.59152e+11
      26      36  1.45534e+11
      26      37  1.31206e+11
      26      38  1.16240e+11
      26      39  1.00707e+11
      26      40  8.46831e+10
      26      41  6.82469e+10
      26      42  5.14783e+10
      26      43  3.44588e+10
      26      44  1.72715e+10
      26      45  2.16058e+09
      27       0  2.16058e+09
      27       1  1.72715e+10
      27       2  3.44588e+10
      27       3  5.14783e+10
      27       4  6.82469e+10
      27       5  8.46831e+10
      27       6  1.00707e+11
      27       7  1.16240e+11
      27       8  1.31206e+11
      27       9  1.45534e+11
      27      10  1.59152e+11
      27      11  1.71995e+11
      27      12  1.84000e+11
      27      13  1.95109e+11
      27      14  2.05267e+11
      27      15  2.14425e+11
      27      16  2.22539e+11
      27      17  2.29568e+11
      27      18  2.35479e+11
      27      19  2.40242e+11
      27      20  2.43835e+11
      27      21  2.46241e+11
      27      22  2.47446e+11
      27      23  2.47446e+11
      27      24  2.46241e+11
      27      25  2.43835e+11
      27      26  2.40242e+11
      27      27  2.35479e+11
      27      28  2.29568e+11
      27      29  2.22539e+11
      27      30  2.14425e+11
      27      31  2.05267e+11
      27      32  1.95109e+11
      27      33  1.84000e+11
      27      34  1.71995e+11
      27      35  1.59152e+11
      27      36  1.45534e+11
      27      37  1.31206e+11
      27      38  1.16240e+11
      27      39  1.00707e+11
      27      40  8.46831e+10
      27      41  6.82469e+10
      27      42  5.14783e+10
      27      43  3.44588e+10
      27      44  1.72715e+10
      27      45  2.16058e+09
      28       0  2.16058e+09
      28       1  1.72715e+10
      28       2  3.44588e+10
      28       3  5.14783e+10
      28       4  6.82469e+10
      28       5  8.46831e+10
      28       6  1.00707e+11
      28       7  1.16240e+11
      28       8  1.31206e+11
      28       9  1.45534e+11
      28      10  1.59152e+11
      28      11  1.71995e+11
      28      12  1.84000e+11
      28      13  1.95109e+11
      28      14  2.05267e+11
      28      15  2.14425e+11
      28      16  2.22539e+11
      28      17  2.29568e+11
      28      18  2.35479e+11
      28      19  2.40242e+11
      28      20  2.43835e+11
      28      21  2.46241e+11
      28      22  2.47446e+11
      28      23  2.47446e+11
      28      24  2.46241e+11
      28      25  2.43835e+11
      28      26  2.40242e+11
      28      27  2.35479e+11
      28      28  2.29568e+11
      28      29  2.22539e+11
      28      30  2.14425e+11
      28      31  2.05267e+11
      28      32  1.95109e+11
      28      33  1.84000e+11
      28      34  1.71995e+11
      28      35  1.59152e+11
      28      36  1.45534e+11
      28      37  1.31206e+11
      28      38  1.16240e+11
      28      39  1.00707e+11
      28      40  8.46831e+10
      28      41  6.82469e+10
      28      42  5.14783e+10
      28      43  3.44588e+10
      28      44  1.72715e+10
      28      45  2.16058e+09
      29       0  2.16058e+09
      29       1  1.72715e+10
      29       2  3.44588e+10
      29       3  5.14783e+10
      29       4  6.82469e+10
      29       5  8.46831e+10
      29       6  1.00707e+11
      29       7  1.16240e+11
      29       8  1.31206e+11
      29       9  1.45534e+11
      29      10  1.59152e+11
      29      11  1.71995e+11
      29      12  1.84000e+11
      29      13  1.95109e+11
      29      14  2.05267e+11
      29      15  2.14425e+11
      29      16  2.22539e+11
      29      17  2.29568e+11
      29      18  2.35479e+11
      29      19  2.40242e+11
      29      20  2.43835e+11
      29      21  2.46241e+11
      29      22  2.47446e+11
      29      23  2.47446e+11
      29      24  2.46241e+11
      29      25  2.43835e+11
      29      26  2.40242e+11
      29      27  2.35479e+11
      29      28  2.29568e+11
      29      29  2.22539e+11
      29      30  2.14425e+11
      29      31  2.05267e+11
      29      32  1.95109e+11
      29      33  1.84000e+11
      29      34  1.71995e+11
      29      35  1.59152e+11
      29      36  1.45534e+11
      29      37  1.31206e+11
      29      38  1.16240e+11
      29      39  1.00707e+11
      29      40  8.46831e+10
      29      41  6.82469e+10
      29      42  5.14783e+10
      29      43  3.44588e+10
      29      44  1.72715e+10
      29      45  2.16058e+09
      30       0  2.16058e+09
      30       1  1.72715e+10
      30       2  3.44588e+10
      30       3  5.14783e+10
      30       4  6.82469e+10
      30       5  8.46831e+10
      30       6  1.00707e+11
      30       7  1.16240e+11
      30       8  1.31206e+11
      30       9  1.45534e+11
      30      10  1.59152e+11
      30      11  1.71995e+11
      30      12  1.84000e+11
      30      13  1.95109e+11
      30      14  2.05267e+11
      30      15  2.14425e+11
      30      16  2.22539e+11
      30      17  2.29568e+11
      30      18  2.35479e+11
      30      19  2.40242e+11
      30      20  2.43835e+11
      30      21  2.46241e+11
      30      22  2.47446e+11
      30      23  2.47446e+11
      30      24  2.46241e+11
      30      25  2.43835e+11
      30      26  2.40242e+11
      30      27  2.35479e+11
      30      28  2.29568e+11
      30      29  2.22539e+11
      30      30  2.14425e+11
      30      31  2.05267e+11
      30      32  1.95109e+11
      30      33  1.84000e+11
      30      34  1.71995e+11
      30      35  1.59152e+11
      30      36  1.45534e+11
      30      37  1.31206e+11
      30      38  1.16240e+11
      30      39  1.00707e+11
      30      40  8.46831e+10
      30      41  6.82469e+10
      30      42  5.14783e+10
      30      43  3.44588e+10
      30      44  1.72715e+10
      30      45  2.16058e+09
      31       0  2.16058e+09
      31       1  1.72715e+10
      31       2  3.44588e+10
      31       3  5.14783e+10
      31       4  6.82469e+10
      31       5  8.46831e+10
      31       6  1.00707e+11
      31       7  1.16240e+11
      31       8  1.31206e+11
      31       9  1.45534e+11
      31      10  1.59152e+11
      31      11  1.71995e+11
      31      12  1.84000e+11
      31      13  1.95109e+11
      31      14  2.05267e+11
      31      15  2.14425e+11
      31      16  2.22539e+11
      31      17  2.29568e+11
      31      18  2.35479e+11
      31      19  2.40242e+11
      31      20  2.43835e+11
      31      21  2.46241e+11
      31      22  2.47446e+11
      31      23  2.47446e+11
      31      24  2.46241e+11
      31      25  2.43835e+11
      31      26  2.40242e+11
      31      27  2.35479e+11
      31      28  2.29568e+11
      31      29  2.22539e+11
      31      30  2.14425e+11
      31      31  2.05267e+11
      31      32  1.95109e+11
      31      33  1.84000e+11
      31      34  1.71995e+11
      31      35  1.59152e+11
      31      36  1.45534e+11
      31      37  1.31206e+11
      31      38  1.16240e+11
      31      39  1.00707e+11
      31      40  8.46831e+10
      31      41  6.82469e+10
      31      42  5.14783e+10
      31      43  3.44588e+10
      31      44  1.72715e+10
      31      45  2.16058e+09
      32       0  2.16058e+09
      32       1  1.72715e+10
      32       2  3.44588e+10
      32       3  5.14783e+10
      32       4  6.82469e+10
      32       5  8.46831e+10
      32       6  1.00707e+11
      32       7  1.16240e+11
      32       8  1.31206e+11
      32       9  1.45534e+11
      32      10  1.59152e+11
      32      11  1.71995e+11
      32      12  1.84000e+11
      32      13  1.95109e+11
      32      14  2.05267e+11
      32      15  2.14425e+11
      32      16  2.22539e+11
      32      17  2.29568e+11
      32      18  2.35479e+11
      32      19  2.40242e+11
      32      20  2.43835e+11
      32      21  2.46241e+11
      32      22  2.47446e+11
      32      23  2.47446e+11
      32      24  2.46241e+11
      32      25  2.43835e+11
      32      26  2.40242e+11
      32      27  2.35479e+11
      32      28  2.29568e+11
      32      29  2.22539e+11
      32      30  2.14425e+11
      32      31  2.05267e+11
      32      32  1.95109e+11
      32      33  1.84000e+11
      32      34  1.71995e+11
      32      35  1.59152e+11
      32      36  1.45534e+11
      32      37  1.31206e+11
      32      38  1.16240e+11
      32      39  1.00707e+11
      32      40  8.46831e+10
      32      41  6.82469e+10
      32      42  5.14783e+10
      32      43  3.44588e+10
      32      44  1.72715e+10
      32      45  2.16058e+09
      33       0  2.16058e+09
      33       1  1.72715e+10
      33       2  3.44588e+10
      33       3  5.14783e+10
      33       4  6.82469e+10
      33       5  8.46831e+10
      33       6  1.00707e+11
      33       7  1.16240e+11
      33       8  1.31206e+11
      33       9  1.45534e+11
      33      10  1.59152e+11
      33      11  1.71995e+11
      33      12  1.84000e+11
      33      13  1.95109e+11
      33      14  2.05267e+11
      33      15  2.14425e+11
      33      16  2.22539e+11
      33      17  2.29568e+11
      33      18  2.35479e+11
      33      19  2.40242e+11
      33      20  2.43835e+11
      33      21  2.46241e+11
      33      22  2.47446e+11
      33      23  2.47446e+11
      33      24  2.46241e+11
      33      25  2.43835e+11
      33      26  2.40242e+11
      33      27  2.35479e+11
      33      28  2.29568e+11
      33      29  2.22539e+11
      33      30  2.14425e+11
      33      31  2.05267e+11
      33      32  1.95109e+11
      33      33  1.84000e+11
      33      34  1.71995e+11
      33      35  1.59152e+11
      33      36  1.45534e+11
      33      37  1.31206e+11
      33      38  1.16240e+11
      33      39  1.00707e+11
      33      40  8.46831e+10
      33      41  6.82469e+10
      33      42  5.14783e+10
      33      43  3.44588e+10
      33      44  1.72715e+10
      33      45  2.16058e+09
      34       0  2.16058e+09
      34       1  1.72715e+10
      34       2  3.44588e+10
      34       3  5.14783e+10
      34       4  6.82469e+10
      34       5  8.46831e+10
      34       6  1.00707e+11
      34       7  1.16240e+11
      34       8  1.31206e+11
      34       9  1.45534e+11
      34      10  1.59152e+11
      34      11  1.71995e+11
      34      12  1.84000e+11
      34      13  1.95109e+11
      34      14  2.05267e+11
      34      15  2.14425e+11
      34      16  2.22539e+11
      34      17  2.29568e+11
      34      18  2.35479e+11
      34      19  2.40242e+11
      34      20  2.43835e+11
      34      21  2.46241e+11
      34      22  2.47446e+11
      34      23  2.47446e+11
      34      24  2.46241e+11
      34      25  2.43835e+11
      34      26  2.40242e+11
      34      27  2.35479e+11
      34      28  2.29568e+11
      34      29  2.22539e+11
      34      30  2.14425e+11
      34      31  2.05267e+11
      34      32  1.95109e+11
      34      33  1.84000e+11
      34      34  1.71995e+11
      34      35  1.59152e+11
      34      36  1.45534e+11
      34      37  1.31206e+11
      34      38  1.16240e+11
      34      39  1.00707e+11
      34      40  8.46831e+10
      34      41  6.82469e+10
      34      42  5.14783e+10
      34      43  3.44588e+10
      34      44  1.72715e+10
      34      45  2.16058e+09
      35       0  2.16058e+09
      35       1  1.72715e+10
      35       2  3.44588e+10
      35       3  5.14783e+10
      35       4  6.82469e+10
      35       5  8.46831e+10
      35       6  1.00707e+11
      35       7  1.16240e+11
      35       8  1.31206e+11
      35       9  1.45534e+11
      35      10  1.59152e+11
      35      11  1.71995e+11
      35      12  1.84000e+11
      35      13  1.95109e+11
      35      14  2.05267e+11
      35      15  2.14425e+11
      35      16  2.22539e+11
      35      17  2.29568e+11
      35      18  2.35479e+11
      35      19  2.40242e+11
      35      20  2.43835e+11
      35      21  2.46241e+11
      35      22  2.47446e+11
      35      23  2.47446e+11
      35      24  2.46241e+11
      35      25  2.43835e+11
      35      26  2.40242e+11
      35      27  2.35479e+11
      35      28  2.29568e+11
      35      29  2.22539e+11
      35      30  2.14425e+11
      35      31  2.05267e+11
      35      32  1.95109e+11
      35      33  1.84000e+11
      35      34  1.71995e+11
      35      35  1.59152e+11
      35      36  1.45534e+11
      35      37  1.31206e+11
      35      38  1.16240e+11
      35      39  1.00707e+11
      35      40  8.46831e+10
      35      41  6.82469e+10
      35      42  5.14783e+10
      35      43  3.44588e+10
      35      44  1.72715e+10
      35      45  2.16058e+09
      36       0  2.16058e+09
      36       1  1.72715e+10
      36       2  3.44588e+10
      36       3  5.14783e+10
      36       4  6.82469e+10
      36       5  8.46831e+10
      36       6  1.00707e+11
      36       7  1.16240e+11
      36       8  1.31206e+11
      36       9  1.45534e+11
      36      10  1.59152e+11
      36      11  1.71995e+11
      36      12  1.84000e+11
      36      13  1.95109e+11
      36      14  2.05267e+11
      36      15  2.14425e+11
      36      16  2.22539e+11
      36      17  2.29568e+11
      36      18  2.35479e+11
      36      19  2.40242e+11
      36      20  2.43835e+11
      36      21  2.46241e+11
      36      22  2.47446e+11
      36      23  2.47446e+11
      36      24  2.46241e+11
      36      25  2.43835e+11
      36      26  2.40242e+11
      36      27  2.35479e+11
      36      28  2.29568e+11
      36      29  2.22539e+11
      36      30  2.14425e+11
      36      31  2.05267e+11
      36      32  1.95109e+11
      36      33  1.84000e+11
      36      34  1.71995e+11
      36      35  1.59152e+11
      36      36  1.45534e+11
      36      37  1.31206e+11
      36      38  1.16240e+11
      36      39  1.00707e+11
      36      40  8.46831e+10
      36      41  6.82469e+10
      36      42  5.14783e+10
      36      43  3.44588e+10
      36      44  1.72715e+10
      36      45  2.16058e+09
      37       0  2.16058e+09
      37       1  1.72715e+10
      37       2  3.44588e+10
      37       3  5.14783e+10
      37       4  6.82469e+10
      37       5  8.46831e+10
      37       6  1.00707e+11
      37       7  1.16240e+11
      37       8  1.31206e+11
      37       9  1.45534e+11
      37      10  1.59152e+11
      37      11  1.71995e+11
      37      12  1.84000e+11
      37      13  1.95109e+11
      37      14  2.05267e+11
      37      15  2.14425e+11
      37      16  2.22539e+11
      37      17  2.29568e+11
      37      18  2.35479e+11
      37      19  2.40242e+11
      37      20  2.43835e+11
      37      21  2.46241e+11
      37      22  2.47446e+11
      37      23  2.47446e+11
      37      24  2.46241e+11
      37      25  2.43835e+11
      37      26  2.40242e+11
      37      27  2.35479e+11
      37      28  2.29568e+11
      37      29  2.22539e+11
      37      30  2.14425e+11
      37      31  2.05267e+11
      37      32  1.95109e+11
      37      33  1.84000e+11
      37      34  1.71995e+11
      37      35  1.59152e+11
      37      36  1.45534e+11
      37      37  1.31206e+11
      37      38  1.16240e+11
      37      39  1.00707e+11
      37      40  8.46831e+10
      37      41  6.82469e+10
      37      42  5.14783e+10
      37      43  3.44588e+10
      37      44  1.72715e+10
      37      45  2.16058e+09
      38       0  2.16058e+09
      38       1  1.72715e+10
      38       2  3.44588e+10
      38       3  5.14783e+10
      38       4  6.82469e+10
      38       5  8.46831e+10
      38       6  1.00707e+11
      38       7  1.16240e+11
      38       8  1.31206e+11
      38       9  1.45534e+11
      38      10  1.59152e+11
      38      11  1.71995e+11
      38      12  1.84000e+11
      38      13  1.95109e+11
      38      14  2.05267e+11
      38      15  2.14425e+11
      38      16  2.22539e+11
      38      17  2.29568e+11
      38      18  2.35479e+11
      38      19  2.40242e+11
      38      20  2.43835e+11
      38      21  2.46241e+11
      38      22  2.47446e+11
      38      23  2.47446e+11
      38      24  2.46241e+11
      38      25  2.43835e+11
      38      26  2.40242e+11
      38      27  2.35479e+11
      38      28  2.29568e+11
      38      29  2.22539e+11
      38      30  2.14425e+11
      38      31  2.05267e+11
      38      32  1.95109e+11
      38      33  1.84000e+11
      38      34  1.71995e+11
      38      35  1.59152e+11
      38      36  1.45534e+11
      38      37  1.31206e+11
      38      38  1.16240e+11
      38      39  1.00707e+11
      38      40  8.46831e+10
      38      41  6.82469e+10
      38      42  5.14783e+10
      38      43  3.44588e+10
      38      44  1.72715e+10
      38      45  2.16058e+09
      39       0  2.16058e+09
      39       1  1.72715e+10
      39       2  3.44588e+10
      39       3  5.14783e+10
      39       4  6.82469e+10
      39       5  8.46831e+10
      39       6  1.00707e+11
      39       7  1.16240e+11
      39       8  1.31206e+11
      39       9  1.45534e+11
      39      10  1.59152e+11
      39      11  1.71995e+11
      39      12  1.84000e+11
      39      13  1.95109e+11
      39      14  2.05267e+11
      39      15  2.14425e+11
      39      16  2.22539e+11
      39      17  2.29568e+11
      39      18  2.35479e+11
      39      19  2.40242e+11
      39      20  2.43835e+11
      39      21  2.46241e+11
      39      22  2.47446e+11
      39      23  2.47446e+11
      39      24  2.46241e+11
      39      25  2.43835e+11
      39      26  2.40242e+11
      39      27  2.35479e+11
      39      28  2.29568e+11
      39      29  2.22539e+11
      39      30  2.14425e+11
      39      31  2.05267e+11
      39      32  1.95109e+11
      39      33  1.84000e+11
      39      34  1.71995e+11
      39      35  1.59152e+11
      39      36  1.45534e+11
      39      37  1.31206e+11
      39      38  1.16240e+11
      39      39  1.00707e+11
      39      40  8.46831e+10
      39      41  6.82469e+10
      39      42  5.14783e+10
      39      43  3.44588e+10
      39      44  1.72715e+10
      39      45  2.16058e+09
      40       0  2.16058e+09
      40       1  1.72715e+10
      40       2  3.44588e+10
      40       3  5.14783e+10
      40       4  6.82469e+10
      40       5  8.46831e+10
      40       6  1.00707e+11
      40       7  1.16240e+11
      40       8  1.31206e+11
      40       9  1.45534e+11
      40      10  1.59152e+11
      40      11  1.71995e+11
      40      12  1.84000e+11
      40      13  1.95109e+11
      40      14  2.05267e+11
      40      15  2.14425e+11
      40      16  2.22539e+11
      40      17  2.29568e+11
      40      18  2.35479e+11
      40      19  2.40242e+11
      40      20  2.43835e+11
      40      21  2.46241e+11
      40      22  2.47446e+11
      40      23  2.47446e+11
      40      24  2.46241e+11
      40      25  2.43835e+11
      40      26  2.40242e+11
      40      27  2.35479e+11
      40      28  2.29568e+11
      40      29  2.22539e+11
      40      30  2.14425e+11
      40      31  2.05267e+11
      40      32  1.95109e+11
      40      33  1.84000e+11
      40      34  1.71995e+11
      40      35  1.59152e+11
      40      36  1.45534e+11
      40      37  1.31206e+11
      40      38  1.16240e+11
      40      39  1.00707e+11
      40      40  8.46831e+10
      40      41  6.82469e+10
      40      42  5.14783e+10
      40      43  3.44588e+10
      40      44  1.72715e+10
      40      45  2.16058e+09
      41       0  2.16058e+09
      41       1  1.72715e+10
      41       2  3.44588e+10
      41       3  5.14783e+10
      41       4  6.82469e+10
      41       5  8.46831e+10
      41       6  1.00707e+11
      41       7  1.16240e+11
      41       8  1.31206e+11
      41       9  1.45534e+11
      41      10  1.59152e+11
      41      11  1.71995e+11
      41      12  1.84000e+11
      41      13  1.95109e+11
      41      14  2.05267e+11
      41      15  2.14425e+11
      41      16  2.22539e+11
      41      17  2.29568e+11
      41      18  2.35479e+11
      41      19  2.40242e+11
      41      20  2.43835e+11
      41      21  2.46241e+11
      41      22  2.47446e+11
      41      23  2.47446e+11
      41      24  2.46241e+11
      41      25  2.43835e+11
      41      26  2.40242e+11
      41      27  2.35479e+11
      41      28  2.29568e+11
      41      29  2.22539e+11
      41      30  2.14425e+11
      41      31  2.05267e+11
      41      32  1.95109e+11
      41      33  1.84000e+11
      41      34  1.71995e+11
      41      35  1.59152e+11
      41      36  1.45534e+11
      41      37  1.31206e+11
      41      38  1.16240e+11
      41      39  1.00707e+11
      41      40  8.46831e+10
      41      41  6.82469e+10
      41      42  5.14783e+10
      41      43  3.44588e+10
      41      44  1.72715e+10
      41      45  2.16058e+09
      42       0  2.16058e+09
      42       1  1.72715e+10
      42       2  3.44588e+10
      42       3  5.14783e+10
      42       4  6.82469e+10
      42       5  8.46831e+10
      42       6  1.00707e+11
      42       7  1.16240e+11
      42       8  1.31206e+11
      42       9  1.45534e+11
      42      10  1.59152e+11
      42      11  1.71995e+11
      42      12  1.84000e+11
      42      13  1.95109e+11
      42      14  2.05267e+11
      42      15  2.14425e+11
      42      16  2.22539e+11
      42      17  2.29568e+11
      42      18  2.35479e+11
      42      19  2.40242e+11
      42      20  2.43835e+11
      42      21  2.46241e+11
      42      22  2.47446e+11
      42      23  2.47446e+11
      42      24  2.46241e+11
      42      25  2.43835e+11
      42      26  2.40242e+11
      42      27  2.35479e+11
      42      28  2.29568e+11
      42      29  2.22539e+11
      42      30  2.14425e+11
      42      31  2.05267e+11
      42      32  1.95109e+11
      42      33  1.84000e+11
      42      34  1.71995e+11
      42      35  1.59152e+11
      42      36  1.45534e+11
      42      37  1.31206e+11
      42      38  1.16240e+11
      42      39  1.00707e+11
      42      40  8.46831e+10
      42      41  6.82469e+10
      42      42  5.14783e+10
      42      43  3.44588e+10
      42      44  1.72715e+10
      42      45  2.16058e+09
      43       0  2.16058e+09
      43       1  1.72715e+10
      43       2  3.44588e+10
      43       3  5.14783e+10
      43       4  6.82469e+10
      43       5  8.46831e+10
      43       6  1.00707e+11
      43       7  1.16240e+11
      43       8  1.31206e+11
      43       9  1.45534e+11
      43      10  1.59152e+11
      43      11  1.71995e+11
      43      12  1.84000e+11
      43      13  1.95109e+11
      43      14  2.05267e+11
      43      15  2.14425e+11
      43      16  2.22539e+11
      43      17  2.29568e+11
      43      18  2.35479e+11
      43      19  2.40242e+11
      43      20  2.43835e+11
      43      21  2.46241e+11
      43      22  2.47446e+11
      43      23  2.47446e+11
      43      24  2.46241e+11
      43      25  2.43835e+11
      43      26  2.40242e+11
      43      27  2.35479e+11
      43      28  2.29568e+11
      43      29  2.22539e+11
      43      30  2.14425e+11
      43      31  2.05267e+11
      43      32  1.95109e+11
      43      33  1.84000e+11
      43      34  1.71995e+11
      43      35  1.59152e+11
      43      36  1.45534e+11
      43      37  1.31206e+11
      43      38  1.16240e+11
      43      39  1.00707e+11
      43      40  8.46831e+10
      43      41  6.82469e+10
      43      42  5.14783e+10
      43      43  3.44588e+10
      43      44  1.72715e+10
      43      45  2.16058e+09
      44       0  2.16058e+09
      44       1  1.72715e+10
      44       2  3.44588e+10
      44       3  5.14783e+10
      44       4  6.82469e+10
      44       5  8.46831e+10
      44       6  1.00707e+11
      44       7  1.16240e+11
      44       8  1.31206e+11
      44       9  1.45534e+11
      44      10  1.59152e+11
      44      11  1.71995e+11
      44      12  1.84000e+11
      44      13  1.95109e+11
      44      14  2.05267e+11
      44      15  2.14425e+11
      44      16  2.22539e+11
      44      17  2.29568e+11
      44      18  2.35479e+11
      44      19  2.40242e+11
      44      20  2.43835e+11
      44      21  2.46241e+11
      44      22  2.47446e+11
      44      23  2.47446e+11
      44      24  2.46241e+11
      44      25  2.43835e+11
      44      26  2.40242e+11
      44      27  2.35479e+11
      44      28  2.29568e+11
      44      29  2.22539e+11
      44      30  2.14425e+11
      44      31  2.05267e+11
      44      32  1.95109e+11
      44      33  1.84000e+11
      44      34  1.71995e+11
      44      35  1.59152e+11
      44      36  1.45534e+11
      44      37  1.31206e+11
      44      38  1.16240e+11
      44      39  1.00707e+11
      44      40  8.46831e+10
      44      41  6.82469e+10
      44      42  5.14783e+10
      44      43  3.44588e+10
      44      44  1.72715e+10
      44      45  2.16058e+09
      45       0  2.16058e+09
      45       1  1.72715e+10
      45       2  3.44588e+10
      45       3  5.14783e+10
      45       4  6.82469e+10
      45       5  8.46831e+10
      45       6  1.00707e+11
      45       7  1.16240e+11
      45       8  1.31206e+11
      45       9  1.45534e+11
      45      10  1.59152e+11
      45      11  1.71995e+11
      45      12  1.84000e+11
      45      13  1.95109e+11
      45      14  2.05267e+11
      45      15  2.14425e+11
      45      16  2.22539e+11
      45      17  2.29568e+11
      45      18  2.35479e+11
      45      19  2.40242e+11
      45      20  2.43835e+11
      45      21  2.46241e+11
      45      22  2.47446e+11
      45      23  2.47446e+11
      45      24  2.46241e+11
      45      25  2.43835e+11
      45      26  2.40242e+11
      45      27  2.35479e+11
      45      28  2.29568e+11
      45      29  2.22539e+11
      45      30  2.14425e+11
      45      31  2.05267e+11
      45      32  1.95109e+11
      45      33  1.84000e+11
      45      34  1.71995e+11
      45      35  1.59152e+11
      45      36  1.45534e+11
      45      37  1.31206e+11
      45      38  1.16240e+11
      45      39  1.00707e+11
      45      40  8.46831e+10
      45      41  6.82469e+10
      45      42  5.14783e+10
      45      43  3.44588e+10
      45      44  1.72715e+10
      45      45  2.16058e+09
      46       0  2.16058e+09
      46       1  1.72715e+10
      46       2  3.44588e+10
      46       3  5.14783e+10
      46       4  6.82469e+10
      46       5  8.46831e+10
      46       6  1.00707e+11
      46       7  1.16240e+11
      46       8  1.31206e+11
      46       9  1.45534e+11
      46      10  1.59152e+11
      46      11  1.71995e+11
      46      12  1.84000e+11
      46      13  1.95109e+11
      46      14  2.05267e+11
      46      15  2.14425e+11
      46      16  2.22539e+11
      46      17  2.29568e+11
      46      18  2.35479e+11
      46      19  2.40242e+11
      46      20  2.43835e+11
      46      21  2.46241e+11
      46      22  2.47446e+11
      46      23  2.47446e+11
      46      24  2.46241e+11
      46      25  2.43835e+11
      46      26  2.40242e+11
      46      27  2.35479e+11
      46      28  2.29568e+11
      46      29  2.22539e+11
      46      30  2.14425e+11
      46      31  2.05267e+11
      46      32  1.95109e+11
      46      33  1.84000e+11
      46      34  1.71995e+11
      46      35  1.59152e+11
      46      36  1.45534e+11
      46      37  1.31206e+11
      46      38  1.16240e+11
      46      39  1.00707e+11
      46      40  8.46831e+10
      46      41  6.82469e+10
      46      42  5.14783e+10
      46      43  3.44588e+10
      46      44  1.72715e+10
      46      45  2.16058e+09
      47       0  2.16058e+09
      47       1  1.72715e+10
      47       2  3.44588e+10
      47       3  5.14783e+10
      47       4  6.82469e+10
      47       5  8.46831e+10
      47       6  1.00707e+11
      47       7  1.16240e+11
      47       8  1.31206e+11
      47       9  1.45534e+11
      47      10  1.59152e+11
      47      11  1.71995e+11
      47      12  1.84000e+11
      47      13  1.95109e+11
      47      14  2.05267e+11
      47      15  2.14425e+11
      47      16  2.22539e+11
      47      17  2.29568e+11
      47      18  2.35479e+11
      47      19  2.40242e+11
      47      20  2.43835e+11
      47      21  2.46241e+11
      47      22  2.47446e+11
      47      23  2.47446e+11
      47      24  2.46241e+11
      47      25  2.43835e+11
      47      26  2.40242e+11
      47      27  2.35479e+11
      47      28  2.29568e+11
      47      29  2.22539e+11
      47      30  2.14425e+11
      47      31  2.05267e+11
      47      32  1.95109e+11
      47      33  1.84000e+11
      47      34  1.71995e+11
      47      35  1.59152e+11
      47      36  1.45534e+11
      47      37  1.31206e+11
      47      38  1.16240e+11
      47      39  1.00707e+11
      47      40  8.46831e+10
      47      41  6.82469e+10
      47      42  5.14783e+10
      47      43  3.44588e+10
      47      44  1.72715e+10
      47      45  2.16058e+09
      48       0  2.16058e+09
      48       1  1.72715e+10
      48       2  3.44588e+10
      48       3  5.14783e+10
      48       4  6.82469e+10
      48       5  8.46831e+10
      48       6  1.00707e+11
      48       7  1.16240e+11
      48       8  1.31206e+11
      48       9  1.45534e+11
      48      10  1.59152e+11
      48      11  1.71995e+11
      48      12  1.84000e+11
      48      13  1.95109e+11
      48      14  2.05267e+11
      48      15  2.14425e+11
      48      16  2.22539e+11
      48      17  2.29568e+11
      48      18  2.35479e+11
      48      19  2.40242e+11
      48      20  2.43835e+11
      48      21  2.46241e+11
      48      22  2.47446e+11
      48      23  2.47446e+11
      48      24  2.46241e+11
      48      25  2.43835e+11
      48      26  2.40242e+11
      48      27  2.35479e+11
      48      28  2.29568e+11
      48      29  2.22539e+11
      48      30  2.14425e+11
      48      31  2.05267e+11
      48      32  1.95109e+11
      48      33  1.84000e+11
      48      34  1.71995e+11
      48      35  1.59152e+11
      48      36  1.45534e+11
      48      37  1.31206e+11
      48      38  1.16240e+11
      48      39  1.00707e+11
      48      40  8.46831e+10
      48      41  6.82469e+10
      48      42  5.14783e+10
      48      43  3.44588e+10
      48      44  1.72715e+10
      48      45  2.16058e+09
      49       0  2.16058e+09
      49       1  1.72715e+10
      49       2  3.44588e+10
      49       3  5.14783e+10
      49       4  6.82469e+10
      49       5  8.46831e+10
      49       6  1.00707e+11
      49       7  1.16240e+11
      49       8  1.31206e+11
      49       9  1.45534e+11
      49      10  1.59152e+11
      49      11  1.71995e+11
      49      12  1.84000e+11
      49      13  1.95109e+11
      49      14  2.05267e+11
      49      15  2.14425e+11
      49      16  2.22539e+11
      49      17  2.29568e+11
      49      18  2.35479e+11
      49      19  2.40242e+11
      49      20  2.43835e+11
      49      21  2.46241e+11
      49      22  2.47446e+11
      49      23  2.47446e+11
      49      24  2.46241e+11
      49      25  2.43835e+11
      49      26  2.40242e+11
      49      27  2.35479e+11
      49      28  2.29568e+11
      49      29  2.22539e+11
      49      30  2.14425e+11
      49      31  2.05267e+11
      49      32  1.95109e+11
      49      33  1.84000e+11
      49      34  1.71995e+11
      49      35  1.59152e+11
      49      36  1.45534e+11
      49      37  1.31206e+11
      49      38  1.16240e+11
      49      39  1.00707e+11
      49      40  8.46831e+10
      49      41  6.82469e+10
      49      42  5.14783e+10
      49      43  3.44588e+10
      49      44  1.72715e+10
      49      45  2.16058e+09
      50       0  2.16058e+09
      50       1  1.72715e+10
      50       2  3.44588e+10
      50       3  5.14783e+10
      50       4  6.82469e+10
      50       5  8.46831e+10
      50       6  1.00707e+11
      50       7  1.16240e+11
      50       8  1.31206e+11
      50       9  1.45534e+11
      50      10  1.59152e+11
      50      11  1.71995e+11
      50      12  1.84000e+11
      50      13  1.95109e+11
      50      14  2.05267e+11
      50      15  2.14425e+11
      50      16  2.22539e+11
      50      17  2.29568e+11
      50      18  2.35479e+11
      50      19  2.40242e+11
      50      20  2.43835e+11
      50      21  2.46241e+11
      50      22  2.47446e+11
      50      23  2.47446e+11
      50      24  2.46241e+11
      50      25  2.43835e+11
      50      26  2.40242e+11
      50      27  2.35479e+11
      50      28  2.29568e+11
      50      29  2.22539e+11
      50      30  2.14425e+11
      50      31  2.05267e+11
      50      32  1.95109e+11
      50      33  1.84000e+11
      50      34  1.71995e+11
      50      35  1.59152e+11
      50      36  1.45534e+11
      50      37  1.31206e+11
      50      38  1.16240e+11
      50      39  1.00707e+11
      50      40  8.46831e+10
      50      41  6.82469e+10
      50      42  5.14783e+10
      50      43  3.44588e+10
      50      44  1.72715e+10
      50      45  2.16058e+09
      51       0  2.16058e+09
      51       1  1.72715e+10
      51       2  3.44588e+10
      51       3  5.14783e+10
      51       4  6.82469e+10
      51       5  8.46831e+10
      51       6  1.00707e+11
      51       7  1.16240e+11
      51       8  1.31206e+11
      51       9  1.45534e+11
      51      10  1.59152e+11
      51      11  1.71995e+11
      51      12  1.84000e+11
      51      13  1.95109e+11
      51      14  2.05267e+11
      51      15  2.14425e+11
      51      16  2.22539e+11
      51      17  2.29568e+11
      51      18  2.35479e+11
      51      19  2.40242e+11
      51      20  2.43835e+11
      51      21  2.46241e+11
      51      22  2.47446e+11
      51      23  2.47446e+11
      51      24  2.46241e+11
      51      25  2.43835e+11
      51      26  2.40242e+11
      51      27  2.35479e+11
      51      28  2.29568e+11
      51      29  2.22539e+11
      51      30  2.14425e+11
      51      31  2.05267e+11
      51      32  1.95109e+11
      51      33  1.84000e+11
      51      34  1.71995e+11
      51      35  1.59152e+11
      51      36  1.45534e+11
      51      37  1.31206e+11
      51      38  1.16240e+11
      51      39  1.00707e+11
      51      40  8.46831e+10
      51      41  6.82469e+10
      51      42  5.14783e+10
      51      43  3.44588e+10
      51      44  1.72715e+10
      51      45  2.16058e+09
      52       0  2.16058e+09
      52       1  1.72715e+10
      52       2  3.44588e+10
      52       3  5.14783e+10
      52       4  6.82469e+10
      52       5  8.46831e+10
      52       6  1.00707e+11
      52       7  1.16240e+11
      52       8  1.31206e+11
      52       9  1.45534e+11
      52      10  1.59152e+11
      52      11  1.71995e+11
      52      12  1.84000e+11
      52      13  1.95109e+11
      52      14  2.05267e+11
      52      15  2.14425e+11
      52      16  2.22539e+11
      52      17  2.29568e+11
      52      18  2.35479e+11
      52      19  2.40242e+11
      52      20  2.43835e+11
      52      21  2.46241e+11
      52      22  2.47446e+11
      52      23  2.47446e+11
      52      24  2.46241e+11
      52      25  2.43835e+11
      52      26  2.40242e+11
      52      27  2.35479e+11
      52      28  2.29568e+11
      52      29  2.22539e+11
      52      30  2.14425e+11
      52      31  2.05267e+11
      52      32  1.95109e+11
      52      33  1.84000e+11
      52      34  1.71995e+11
      52      35  1.59152e+11
      52      36  1.45534e+11
      52      37  1.31206e+11
      52      38  1.16240e+11
      52      39  1.00707e+11
      52      40  8.46831e+10
      52      41  6.82469e+10
      52      42  5.14783e+10
      52      43  3.44588e+10
      52      44  1.72715e+10
      52      45  2.16058e+09
      53       0  2.16058e+09
      53       1  1.72715e+10
      53       2  3.44588e+10
      53       3  5.14783e+10
      53       4  6.82469e+10
      53       5  8.46831e+10
      53       6  1.00707e+11
      53       7  1.16240e+11
      53       8  1.31206e+11
      53       9  1.45534e+11
      53      10  1.59152e+11
      53      11  1.71995e+11
      53      12  1.84000e+11
      53      13  1.95109e+11
      53      14  2.05267e+11
      53      15  2.14425e+11
      53      16  2.22539e+11
      53      17  2.29568e+11
      53      18  2.35479e+11
      53      19  2.40242e+11
      53      20  2.43835e+11
      53      21  2.46241e+11
      53      22  2.47446e+11
      53      23  2.47446e+11
      53      24  2.46241e+11
      53      25  2.43835e+11
      53      26  2.40242e+11
      53      27  2.35479e+11
      53      28  2.29568e+11
      53      29  2.22539e+11
      53      30  2.14425e+11
      53      31  2.05267e+11
      53      32  1.95109e+11
      53      33  1.84000e+11
      53      34  1.71995e+11
      53      35  1.59152e+11
      53      36  1.45534e+11
      53      37  1.31206e+11
      53      38  1.16240e+11
      53      39  1.00707e+11
      53      40  8.46831e+10
      53      41  6.82469e+10
      53      42  5.14783e+10
      53      43  3.44588e+10
      53      44  1.72715e+10
      53      45  2.16058e+09
      54       0  2.16058e+09
      54       1  1.72715e+10
      54       2  3.44588e+10
      54       3  5.14783e+10
      54       4  6.82469e+10
      54       5  8.46831e+10
      54       6  1.00707e+11
      54       7  1.16240e+11
      54       8  1.31206e+11
      54       9  1.45534e+11
      54      10  1.59152e+11
      54      11  1.71995e+11
      54      12  1.84000e+11
      54      13  1.95109e+11
      54      14  2.05267e+11
      54      15  2.14425e+11
      54      16  2.22539e+11
      54      17  2.29568e+11
      54      18  2.35479e+11
      54      19  2.40242e+11
      54      20  2.43835e+11
      54      21  2.46241e+11
      54      22  2.47446e+11
      54      23  2.47446e+11
      54      24  2.46241e+11
      54      25  2.43835e+11
      54      26  2.40242e+11
      54      27  2.35479e+11
      54      28  2.29568e+11
      54      29  2.22539e+11
      54      30  2.14425e+11
      54      31  2.05267e+11
      54      32  1.95109e+11
      54      33  1.84000e+11
      54      34  1.71995e+11
      54      35  1.59152e+11
      54      36  1.45534e+11
      54      37  1.31206e+11
      54      38  1.16240e+11
      54      39  1.00707e+11
      54      40  8.46831e+10
      54      41  6.82469e+10
      54      42  5.14783e+10
      54      43  3.44588e+10
      54      44  1.72715e+10
      54      45  2.16058e+09
      55       0  2.16058e+09
      55       1  1.72715e+10
      55       2  3.44588e+10
      55       3  5.14783e+10
      55       4  6.82469e+10
      55       5  8.46831e+10
      55       6  1.00707e+11
      55       7  1.16240e+11
      55       8  1.31206e+11
      55       9  1.45534e+11
      55      10  1.59152e+11
      55      11  1.71995e+11
      55      12  1.84000e+11
      55      13  1.95109e+11
      55      14  2.05267e+11
      55      15  2.14425e+11
      55      16  2.22539e+11
      55      17  2.29568e+11
      55      18  2.35479e+11
      55      19  2.40242e+11
      55      20  2.43835e+11
      55      21  2.46241e+11
      55      22  2.47446e+11
      55      23  2.47446e+11
      55      24  2.46241e+11
      55      25  2.43835e+11
      55      26  2.40242e+11
      55      27  2.35479e+11
      55      28  2.29568e+11
      55      29  2.22539e+11
      55      30  2.14425e+11
      55      31  2.05267e+11
      55      32  1.95109e+11
      55      33  1.84000e+11
      55      34  1.71995e+11
      55      35  1.59152e+11
      55      36  1.45534e+11
      55      37  1.31206e+11
      55      38  1.16240e+11
      55      39  1.00707e+11
      55      40  8.46831e+10
      55      41  6.82469e+10
      55      42  5.14783e+10
      55      43  3.44588e+10
      55      44  1.72715e+10
      55      45  2.16058e+09
      56       0  2.16058e+09
      56       1  1.72715e+10
      56       2  3.44588e+10
      56       3  5.14783e+10
      56       4  6.82469e+10
      56       5  8.46831e+10
      56       6  1.00707e+11
      56       7  1.16240e+11
      56       8  1.31206e+11
      56       9  1.45534e+11
      56      10  1.59152e+11
      56      11  1.71995e+11
      56      12  1.84000e+11
      56      13  1.95109e+11
      56      14  2.05267e+11
      56      15  2.14425e+11
      56      16  2.22539e+11
      56      17  2.29568e+11
      56      18  2.35479e+11
      56      19  2.40242e+11
      56      20  2.43835e+11
      56      21  2.46241e+11
      56      22  2.47446e+11
      56      23  2.47446e+11
      56      24  2.46241e+11
      56      25  2.43835e+11
      56      26  2.40242e+11
      56      27  2.35479e+11
      56      28  2.29568e+11
      56      29  2.22539e+11
      56      30  2.14425e+11
      56      31  2.05267e+11
      56      32  1.95109e+11
      56      33  1.84000e+11
      56      34  1.71995e+11
      56      35  1.59152e+11
      56      36  1.45534e+11
      56      37  1.31206e+11
      56      38  1.16240e+11
      56      39  1.00707e+11
      56      40  8.46831e+10
      56      41  6.82469e+10
      56      42  5.14783e+10
      56      43  3.44588e+10
      56      44  1.72715e+10
      56      45  2.16058e+09
      57       0  2.16058e+09
      57       1  1.72715e+10
      57       2  3.44588e+10
      57       3  5.14783e+10
      57       4  6.82469e+10
      57       5  8.46831e+10
      57       6  1.00707e+11
      57       7  1.16240e+11
      57       8  1.31206e+11
      57       9  1.45534e+11
      57      10  1.59152e+11
      57      11  1.71995e+11
      57      12  1.84000e+11
      57      13  1.95109e+11
      57      14  2.05267e+11
      57      15  2.14425e+11
      57      16  2.22539e+11
      57      17  2.29568e+11
      57      18  2.35479e+11
      57      19  2.40242e+11
      57      20  2.43835e+11
      57      21  2.46241e+11
      57      22  2.47446e+11
      57      23  2.47446e+11
      57      24  2.46241e+11
      57      25  2.43835e+11
      57      26  2.40242e+11
      57      27  2.35479e+11
      57      28  2.29568e+11
      57      29  2.22539e+11
      57      30  2.14425e+11
      57      31  2.05267e+11
      57      32  1.95109e+11
      57      33  1.84000e+11
      57      34  1.71995e+11
      57      35  1.59152e+11
      57      36  1.45534e+11
      57      37  1.31206e+11
      57      38  1.16240e+11
      57      39  1.00707e+11
      57      40  8.46831e+10
      57      41  6.82469e+10
      57      42  5.14783e+10
      57      43  3.44588e+10
      57      44  1.72715e+10
      57      45  2.16058e+09
      58       0  2.16058e+09
      58       1  1.72715e+10
      58       2  3.44588e+10
      58       3  5.14783e+10
      58       4  6.82469e+10
      58       5  8.46831e+10
      58       6  1.00707e+11
      58       7  1.16240e+11
      58       8  1.31206e+11
      58       9  1.45534e+11
      58      10  1.59152e+11
      58      11  1.71995e+11
      58      12  1.84000e+11
      58      13  1.95109e+11
      58      14  2.05267e+11
      58      15  2.14425e+11
      58      16  2.22539e+11
      58      17  2.29568e+11
      58      18  2.35479e+11
      58      19  2.40242e+11
      58      20  2.43835e+11
      58      21  2.46241e+11
      58      22  2.47446e+11
      58      23  2.47446e+11
      58      24  2.46241e+11
      58      25  2.43835e+11
      58      26  2.40242e+11
      58      27  2.35479e+11
      58      28  2.29568e+11
      58      29  2.22539e+11
      58      30  2.14425e+11
      58      31  2.05267e+11
      58      32  1.95109e+11
      58      33  1.84000e+11
      58      34  1.71995e+11
      58      35  1.59152e+11
      58      36  1.45534e+11
      58      37  1.31206e+11
      58      38  1.16240e+11
      58      39  1.00707e+11
      58      40  8.46831e+10
      58      41  6.82469e+10
      58      42  5.14783e+10
      58      43  3.44588e+10
      58      44  1.72715e+10
      58      45  2.16058e+09
      59       0  2.16058e+09
      59       1  1.72715e+10
      59       2  3.44588e+10
      59       3  5.14783e+10
      59       4  6.82469e+10
      59       5  8.46831e+10
      59       6  1.00707e+11
      59       7  1.16240e+11
      59       8  1.31206e+11
      59       9  1.45534e+11
      59      10  1.59152e+11
      59      11  1.71995e+11
      59      12  1.84000e+11
      59      13  1.95109e+11
      59      14  2.05267e+11
      59      15  2.14425e+11
      59      16  2.22539e+11
      59      17  2.29568e+11
      59      18  2.35479e+11
      59      19  2.40242e+11
      59      20  2.43835e+11
      59      21  2.46241e+11
      59      22  2.47446e+11
      59      23  2.47446e+11
      59      24  2.46241e+11
      59      25  2.43835e+11
      59      26  2.40242e+11
      59      27  2.35479e+11
      59      28  2.29568e+11
      59      29  2.22539e+11
      59      30  2.14425e+11
      59      31  2.05267e+11
      59      32  1.95109e+11
      59      33  1.84000e+11
      59      34  1.71995e+11
      59      35  1.59152e+11
      59      36  1.45534e+11
      59      37  1.31206e+11
      59      38  1.16240e+11
      59      39  1.00707e+11
      59      40  8.46831e+10
      59      41  6.82469e+10
      59      42  5.14783e+10
      59      43  3.44588e+10
      59      44  1.72715e+10
      59      45  2.16058e+09
      60       0  2.16058e+09
      60       1  1.72715e+10
      60       2  3.44588e+10
      60       3  5.14783e+10
      60       4  6.82469e+10
      60       5  8.46831e+10
      60       6  1.00707e+11
      60       7  1.16240e+11
      60       8  1.31206e+11
      60       9  1.45534e+11
      60      10  1.59152e+11
      60      11  1.71995e+11
      60      12  1.84000e+11
      60      13  1.95109e+11
      60      14  2.05267e+11
      60      15  2.14425e+11
      60      16  2.22539e+11
      60      17  2.29568e+11
      60      18  2.35479e+11
      60      19  2.40242e+11
      60      20  2.43835e+11
      60      21  2.46241e+11
      60      22  2.47446e+11
      60      23  2.47446e+11
      60      24  2.46241e+11
      60      25  2.43835e+11
      60      26  2.40242e+11
      60      27  2.35479e+11
      60      28  2.29568e+11
      60      29  2.22539e+11
      60      30  2.14425e+11
      60      31  2.05267e+11
      60      32  1.95109e+11
      60      33  1.84000e+11
      60      34  1.71995e+11
      60      35  1.59152e+11
      60      36  1.45534e+11
      60      37  1.31206e+11
      60      38  1.16240e+11
      60      39  1.00707e+11
      60      40  8.46831e+10
      60      41  6.82469e+10
      60      42  5.14783e+10
      60      43  3.44588e+10
      60      44  1.72715e+10
      60      45  2.16058e+09
      61       0  2.16058e+09
      61       1  1.72715e+10
      61       2  3.44588e+10
      61       3  5.14783e+10
      61       4  6.82469e+10
      61       5  8.46831e+10
      61       6  1.00707e+11
      61       7  1.16240e+11
      61       8  1.31206e+11
      61       9  1.45534e+11
      61      10  1.59152e+11
      61      11  1.71995e+11
      61      12  1.84000e+11
      61      13  1.95109e+11
      61      14  2.05267e+11
      61      15  2.14425e+11
      61      16  2.22539e+11
      61      17  2.29568e+11
      61      18  2.35479e+11
      61      19  2.40242e+11
      61      20  2.43835e+11
      61      21  2.46241e+11
      61      22  2.47446e+11
      61      23  2.47446e+11
      61      24  2.46241e+11
      61      25  2.43835e+11
      61      26  2.40242e+11
      61      27  2.35479e+11
      61      28  2.29568e+11
      61      29  2.22539e+11
      61      30  2.14425e+11
      61      31  2.05267e+11
      61      32  1.95109e+11
      61      33  1.84000e+11
      61      34  1.71995e+11
      61      35  1.59152e+11
      61      36  1.45534e+11
      61      37  1.31206e+11
      61      38  1.16240e+11
      61      39  1.00707e+11
      61      40  8.46831e+10
      61      41  6.82469e+10
      61      42  5.14783e+10
      61      43  3.44588e+10
      61      44  1.72715e+10
      61      45  2.16058e+09
      62       0  2.16058e+09
      62       1  1.72715e+10
      62       2  3.44588e+10
      62       3  5.14783e+10
      62       4  6.82469e+10
      62       5  8.46831e+10
      62       6  1.00707e+11
      62       7  1.16240e+11
      62       8  1.31206e+11
      62       9  1.45534e+11
      62      10  1.59152e+11
      62      11  1.71995e+11
      62      12  1.84000e+11
      62      13  1.95109e+11
      62      14  2.05267e+11
      62      15  2.14425e+11
      62      16  2.22539e+11
      62      17  2.29568e+11
      62      18  2.35479e+11
      62      19  2.40242e+11
      62      20  2.43835e+11
      62      21  2.46241e+11
      62      22  2.47446e+11
      62      23  2.47446e+11
      62      24  2.46241e+11
      62      25  2.43835e+11
      62      26  2.40242e+11
      62      27  2.35479e+11
      62      28  2.29568e+11
      62      29  2.22539e+11
      62      30  2.14425e+11
      62      31  2.05267e+11
      62      32  1.95109e+11
      62      33  1.84000e+11
      62      34  1.71995e+11
      62      35  1.59152e+11
      62      36  1.45534e+11
      62      37  1.31206e+11
      62      38  1.16240e+11
      62      39  1.00707e+11
      62      40  8.46831e+10
      62      41  6.82469e+10
      62      42  5.14783e+10
      62      43  3.44588e+10
      62      44  1.72715e+10
      62      45  2.16058e+09
      63       0  2.16058e+09
      63       1  1.72715e+10
      63       2  3.44588e+10
      63       3  5.14783e+10
      63       4  6.82469e+10
      63       5  8.46831e+10
      63       6  1.00707e+11
      63       7  1.16240e+11
      63       8  1.31206e+11
      63       9  1.45534e+11
      63      10  1.59152e+11
      63      11  1.71995e+11
      63      12  1.84000e+11
      63      13  1.95109e+11
      63      14  2.05267e+11
      63      15  2.14425e+11
      63      16  2.22539e+11
      63      17  2.29568e+11
      63      18  2.35479e+11
      63      19  2.40242e+11
      63      20  2.43835e+11
      63      21  2.46241e+11
      63      22  2.47446e+11
      63      23  2.47446e+11
      63      24  2.46241e+11
      63      25  2.43835e+11
      63      26  2.40242e+11
      63      27  2.35479e+11
      63      28  2.29568e+11
      63      29  2.22539e+11
      63      30  2.14425e+11
      63      31  2.05267e+11
      63      32  1.95109e+11
      63      33  1.84000e+11
      63      34  1.71995e+11
      63      35  1.59152e+11
      63      36  1.45534e+11
      63      37  1.31206e+11
      63      38  1.16240e+11
      63      39  1.00707e+11
      63      40  8.46831e+10
      63      41  6.82469e+10
      63      42  5.14783e+10
      63      43  3.44588e+10
      63      44  1.72715e+10
      63      45  2.16058e+09
      64       0  2.16058e+09
      64       1  1.72715e+10
      64       2  3.44588e+10
      64       3  5.14783e+10
      64       4  6.82469e+10
      64       5  8.46831e+10
      64       6  1.00707e+11
      64       7  1.16240e+11
      64       8  1.31206e+11
      64       9  1.45534e+11
      64      10  1.59152e+11
      64      11  1.71995e+11
      64      12  1.84000e+11
      64      13  1.95109e+11
      64      14  2.05267e+11
      64      15  2.14425e+11
      64      16  2.22539e+11
      64      17  2.29568e+11
      64      18  2.35479e+11
      64      19  2.40242e+11
      64      20  2.43835e+11
      64      21  2.46241e+11
      64      22  2.47446e+11
      64      23  2.47446e+11
      64      24  2.46241e+11
      64      25  2.43835e+11
      64      26  2.40242e+11
      64      27  2.35479e+11
      64      28  2.29568e+11
      64      29  2.22539e+11
      64      30  2.14425e+11
      64      31  2.05267e+11
      64      32  1.95109e+11
      64      33  1.84000e+11
      64      34  1.71995e+11
      64      35  1.59152e+11
      64      36  1.45534e+11
      64      37  1.31206e+11
      64      38  1.16240e+11
      64      39  1.00707e+11
      64      40  8.46831e+10
      64      41  6.82469e+10
      64      42  5.14783e+10
      64      43  3.44588e+10
      64      44  1.72715e+10
      64      45  2.16058e+09
      65       0  2.16058e+09
      65       1  1.72715e+10
      65       2  3.44588e+10
      65       3  5.14783e+10
      65       4  6.82469e+10
      65       5  8.46831e+10
      65       6  1.00707e+11
      65       7  1.16240e+11
      65       8  1.31206e+11
      65       9  1.45534e+11
      65      10  1.59152e+11
      65      11  1.71995e+11
      65      12  1.84000e+11
      65      13  1.95109e+11
      65      14  2.05267e+11
      65      15  2.14425e+11
      65      16  2.22539e+11
      65      17  2.29568e+11
      65      18  2.35479e+11
      65      19  2.40242e+11
      65      20  2.43835e+11
      65      21  2.46241e+11
      65      22  2.47446e+11
      65      23  2.47446e+11
      65      24  2.46241e+11
      65      25  2.43835e+11
      65      26  2.40242e+11
      65      27  2.35479e+11
      65      28  2.29568e+11
      65      29  2.22539e+11
      65      30  2.14425e+11
      65      31  2.05267e+11
      65      32  1.95109e+11
      65      33  1.84000e+11
      65      34  1.71995e+11
      65      35  1.59152e+11
      65      36  1.45534e+11
      65      37  1.31206e+11
      65      38  1.16240e+11
      65      39  1.00707e+11
      65      40  8.46831e+10
      65      41  6.82469e+10
      65      42  5.14783e+10
      65      43  3.44588e+10
      65      44  1.72715e+10
      65      45  2.16058e+09
      66       0  2.16058e+09
      66       1  1.72715e+10
      66       2  3.44588e+10
      66       3  5.14783e+10
      66       4  6.82469e+10
      66       5  8.46831e+10
      66       6  1.00707e+11
      66       7  1.16240e+11
      66       8  1.31206e+11
      66       9  1.45534e+11
      66      10  1.59152e+11
      66      11  1.71995e+11
      66      12  1.84000e+11
      66      13  1.95109e+11
      66      14  2.05267e+11
      66      15  2.14425e+11
      66      16  2.22539e+11
      66      17  2.29568e+11
      66      18  2.35479e+11
      66      19  2.40242e+11
      66      20  2.43835e+11
      66      21  2.46241e+11
      66      22  2.47446e+11
      66      23  2.47446e+11
      66      24  2.46241e+11
      66      25  2.43835e+11
      66      26  2.40242e+11
      66      27  2.35479e+11
      66      28  2.29568e+11
      66      29  2.22539e+11
      66      30  2.14425e+11
      66      31  2.05267e+11
      66      32  1.95109e+11
      66      33  1.84000e+11
      66      34  1.71995e+11
      66      35  1.59152e+11
      66      36  1.45534e+11
      66      37  1.31206e+11
      66      38  1.16240e+11
      66      39  1.00707e+11
      66      40  8.46831e+10
      66      41  6.82469e+10
      66      42  5.14783e+10
      66      43  3.44588e+10
      66      44  1.72715e+10
      66      45  2.16058e+09
      67       0  2.16058e+09
      67       1  1.72715e+10
      67       2  3.44588e+10
      67       3  5.14783e+10
      67       4  6.82469e+10
      67       5  8.46831e+10
      67       6  1.00707e+11
      67       7  1.16240e+11
      67       8  1.31206e+11
      67       9  1.45534e+11
      67      10  1.59152e+11
      67      11  1.71995e+11
      67      12  1.84000e+11
      67      13  1.95109e+11
      67      14  2.05267e+11
      67      15  2.14425e+11
      67      16  2.22539e+11
      67      17  2.29568e+11
      67      18  2.35479e+11
      67      19  2.40242e+11
      67      20  2.43835e+11
      67      21  2.46241e+11
      67      22  2.47446e+11
      67      23  2.47446e+11
      67      24  2.46241e+11
      67      25  2.43835e+11
      67      26  2.40242e+11
      67      27  2.35479e+11
      67      28  2.29568e+11
      67      29  2.22539e+11
      67      30  2.14425e+11
      67      31  2.05267e+11
      67      32  1.95109e+11
      67      33  1.84000e+11
      67      34  1.71995e+11
      67      35  1.59152e+11
      67      36  1.45534e+11
      67      37  1.31206e+11
      67      38  1.16240e+11
      67      39  1.00707e+11
      67      40  8.46831e+10
      67      41  6.82469e+10
      67      42  5.14783e+10
      67      43  3.44588e+10
      67      44  1.72715e+10
      67      45  2.16058e+09
      68       0  2.16058e+09
      68       1  1.72715e+10
      68       2  3.44588e+10
      68       3  5.14783e+10
      68       4  6.82469e+10
      68       5  8.46831e+10
      68       6  1.00707e+11
      68       7  1.16240e+11
      68       8  1.31206e+11
      68       9  1.45534e+11
      68      10  1.59152e+11
      68      11  1.71995e+11
      68      12  1.84000e+11
      68      13  1.95109e+11
      68      14  2.05267e+11
      68      15  2.14425e+11
      68      16  2.22539e+11
      68      17  2.29568e+11
      68      18  2.35479e+11
      68      19  2.40242e+11
      68      20  2.43835e+11
      68      21  2.46241e+11
      68      22  2.47446e+11
      68      23  2.47446e+11
      68      24  2.46241e+11
      68      25  2.43835e+11
      68      26  2.40242e+11
      68      27  2.35479e+11
      68      28  2.29568e+11
      68      29  2.22539e+11
      68      30  2.14425e+11
      68      31  2.05267e+11
      68      32  1.95109e+11
      68      33  1.84000e+11
      68      34  1.71995e+11
      68      35  1.59152e+11
      68      36  1.45534e+11
      68      37  1.31206e+11
      68      38  1.16240e+11
      68      39  1.00707e+11
      68      40  8.46831e+10
      68      41  6.82469e+10
      68      42  5.14783e+10
      68      43  3.44588e+10
      68      44  1.72715e+10
      68      45  2.16058e+09
      69       0  2.16058e+09
      69       1  1.72715e+10
      69       2  3.44588e+10
      69       3  5.14783e+10
      69       4  6.82469e+10
      69       5  8.46831e+10
      69       6  1.00707e+11
      69       7  1.16240e+11
      69       8  1.31206e+11
      69       9  1.45534e+11
      69      10  1.59152e+11
      69      11  1.71995e+11
      69      12  1.84000e+11
      69      13  1.95109e+11
      69      14  2.05267e+11
      69      15  2.14425e+11
      69      16  2.22539e+11
      69      17  2.29568e+11
      69      18  2.35479e+11
      69      19  2.40242e+11
      69      20  2.43835e+11
      69      21  2.46241e+11
      69      22  2.47446e+11
      69      23  2.47446e+11
      69      24  2.46241e+11
      69      25  2.43835e+11
      69      26  2.40242e+11
      69      27  2.35479e+11
      69      28  2.29568e+11
      69      29  2.22539e+11
      69      30  2.14425e+11
      69      31  2.05267e+11
      69      32  1.95109e+11
      69      33  1.84000e+11
      69      34  1.71995e+11
      69      35  1.59152e+11
      69      36  1.45534e+11
      69      37  1.31206e+11
      69      38  1.16240e+11
      69      39  1.00707e+11
      69      40  8.46831e+10
      69      41  6.82469e+10
      69      42  5.14783e+10
      69      43  3.44588e+10
      69      44  1.72715e+10
      69      45  2.16058e+09
      70       0  2.16058e+09
      70       1  1.72715e+10
      70       2  3.44588e+10
      70       3  5.14783e+10
      70       4  6.82469e+10
      70       5  8.46831e+10
      70       6  1.00707e+11
      70       7  1.16240e+11
      70       8  1.31206e+11
      70       9  1.45534e+11
      70      10  1.59152e+11
      70      11  1.71995e+11
      70      12  1.84000e+11
      70      13  1.95109e+11
      70      14  2.05267e+11
      70      15  2.14425e+11
      70      16  2.22539e+11
      70      17  2.29568e+11
      70      18  2.35479e+11
      70      19  2.40242e+11
      70      20  2.43835e+11
      70      21  2.46241e+11
      70      22  2.47446e+11
      70      23  2.47446e+11
      70      24  2.46241e+11
      70      25  2.43835e+11
      70      26  2.40242e+11
      70      27  2.35479e+11
      70      28  2.29568e+11
      70      29  2.22539e+11
      70      30  2.14425e+11
      70      31  2.05267e+11
      70      32  1.95109e+11
      70      33  1.84000e+11
      70      34  1.71995e+11
      70      35  1.59152e+11
      70      36  1.45534e+11
      70      37  1.31206e+11
      70      38  1.16240e+11
      70      39  1.00707e+11
      70      40  8.46831e+10
      70      41  6.82469e+10
      70      42  5.14783e+10
      70      43  3.44588e+10
      70      44  1.72715e+10
      70      45  2.16058e+09
      71       0  2.16058e+09
      71       1  1.72715e+10
      71       2  3.44588e+10
      71       3  5.14783e+10
      71       4  6.82469e+10
      71       5  8.46831e+10
      71       6  1.00707e+11
      71       7  1.16240e+11
      71       8  1.31206e+11
      71       9  1.45534e+11
      71      10  1.59152e+11
      71      11  1.71995e+11
      71      12  1.84000e+11
      71      13  1.95109e+11
      71      14  2.05267e+11
      71      15  2.14425e+11
      71      16  2.22539e+11
      71      17  2.29568e+11
      71      18  2.35479e+11
      71      19  2.40242e+11
      71      20  2.43835e+11
      71      21  2.46241e+11
      71      22  2.47446e+11
      71      23  2.47446e+11
      71      24  2.46241e+11
      71      25  2.43835e+11
      71      26  2.40242e+11
      71      27  2.35479e+11
      71      28  2.29568e+11
      71      29  2.22539e+11
      71      30  2.14425e+11
      71      31  2.05267e+11
      71      32  1.95109e+11
      71      33  1.84000e+11
      71      34  1.71995e+11
      71      35  1.59152e+11
      71      36  1.45534e+11
      71      37  1.31206e+11
      71      38  1.16240e+11
      71      39  1.00707e+11
      71      40  8.46831e+10
      71      41  6.82469e+10
      71      42  5.14783e+10
      71      43  3.44588e+10
      71      44  1.72715e+10
      71      45  2.16058e+09
